
== variance decomposition (dev); inv_frac = sentence-invariant share of the per-sentence offset
       f_lang_dev  f_sent_dev  f_int_dev  f_sent_shuf  inv_frac_dev  inv_frac_test  lang_over_content_dev  a_split_cos  anova_check  norm_m_dev
layer                                                                                                                                          
0           0.418       0.115      0.467        0.049         0.472          0.480                  3.624        0.999          1.0       0.174
2           0.497       0.146      0.357        0.042         0.582          0.589                  3.404        0.999          1.0      10.858
4           0.411       0.219      0.369        0.049         0.527          0.534                  1.877        0.999          1.0      13.176
6           0.385       0.265      0.351        0.051         0.523          0.530                  1.453        0.999          1.0      16.459
8           0.308       0.387      0.306        0.058         0.502          0.507                  0.796        0.999          1.0      21.764
10          0.246       0.488      0.267        0.063         0.480          0.485                  0.504        0.999          1.0      27.178
12          0.230       0.526      0.244        0.064         0.485          0.492                  0.438        0.999          1.0      33.645
14          0.213       0.557      0.230        0.066         0.481          0.488                  0.383        0.999          1.0      38.869
16          0.237       0.539      0.223        0.064         0.515          0.522                  0.440        0.999          1.0      44.257
18          0.263       0.518      0.219        0.061         0.546          0.553                  0.509        0.999          1.0      46.850
20          0.368       0.440      0.192        0.053         0.657          0.664                  0.837        0.999          1.0      61.573
22          0.356       0.436      0.207        0.054         0.632          0.639                  0.817        0.999          1.0      87.939
24          0.459       0.340      0.201        0.045         0.695          0.701                  1.349        0.999          1.0     141.708
26          0.607       0.228      0.165        0.033         0.786          0.790                  2.663        1.000          1.0     227.118
28          0.856       0.051      0.093        0.012         0.902          0.903                 16.812        1.000          1.0     301.079

== effective dimension
        PR_a  PR_a_x  a_top1  a_top2  a_top3  a_top5    PR_o  o_top11     PR_e  e_top11  e_top64    PR_b  b_top11
layer                                                                                                            
0      6.014   6.011   0.310   0.491   0.617   0.772  25.009    0.496  394.242    0.114    0.268  28.705    0.377
2      6.840   6.851   0.271   0.444   0.557   0.737  18.776    0.603  294.282    0.126    0.319  30.329    0.408
4      7.188   7.198   0.267   0.405   0.536   0.718  24.548    0.538  521.683    0.087    0.260  54.647    0.340
6      5.426   5.420   0.362   0.490   0.602   0.772  18.473    0.538  488.673    0.094    0.245  59.607    0.337
8      5.390   5.375   0.365   0.495   0.599   0.766  19.790    0.518  452.803    0.100    0.261  63.684    0.327
10     5.504   5.497   0.356   0.497   0.604   0.765  21.928    0.499  434.201    0.105    0.265  75.828    0.299
12     5.257   5.247   0.364   0.521   0.628   0.789  20.477    0.506  369.621    0.119    0.297  61.293    0.341
14     5.168   5.164   0.365   0.534   0.641   0.798  20.405    0.502  347.656    0.123    0.308  55.223    0.362
16     5.322   5.310   0.355   0.525   0.638   0.791  18.384    0.538  290.654    0.140    0.343  46.076    0.394
18     5.614   5.600   0.333   0.518   0.624   0.784  17.258    0.569  267.039    0.147    0.352  41.647    0.413
20     6.866   6.852   0.273   0.444   0.567   0.728  15.075    0.673  217.937    0.169    0.389  34.833    0.448
22     7.360   7.346   0.248   0.412   0.541   0.723  17.244    0.649  238.778    0.153    0.357  37.474    0.432
24     7.889   7.883   0.236   0.374   0.499   0.690  15.182    0.715  221.764    0.142    0.319  48.715    0.375
26     8.962   8.961   0.185   0.313   0.431   0.643  13.910    0.801  276.940    0.125    0.305  59.082    0.344
28     6.395   6.390   0.296   0.466   0.584   0.762   7.584    0.920   86.187    0.280    0.527  44.611    0.406

== language subspace vs content subspace (iso = random direction)
       a_in_content11  a_in_content64  a_in_content256  b_in_content64  e_in_content64  iso_64  cos2_lang_content11_mean  cos_lang_content11_max  rayleigh_content_along_lang  e_in_langspan  iso_r_over_d  e_own_dir_share_mean  t_cv_mean
layer                                                                                                                                                                                                                                      
0               0.116           0.219            0.443           0.514           0.178   0.018                     0.091                   0.661                       21.162          0.041         0.003                 0.015      0.137
2               0.096           0.190            0.352           0.577           0.220   0.018                     0.059                   0.502                       22.134          0.046         0.003                 0.021      0.123
4               0.038           0.108            0.234           0.519           0.167   0.018                     0.026                   0.434                        6.958          0.022         0.003                 0.009      0.092
6               0.104           0.184            0.291           0.507           0.145   0.018                     0.037                   0.541                        9.896          0.029         0.003                 0.011      0.100
8               0.069           0.145            0.275           0.517           0.153   0.018                     0.024                   0.433                        7.287          0.032         0.003                 0.013      0.115
10              0.045           0.118            0.236           0.468           0.145   0.018                     0.017                   0.362                        4.698          0.034         0.003                 0.015      0.131
12              0.067           0.122            0.254           0.532           0.173   0.018                     0.024                   0.441                        5.527          0.037         0.003                 0.014      0.129
14              0.058           0.120            0.254           0.562           0.184   0.018                     0.021                   0.402                        5.192          0.037         0.003                 0.014      0.128
16              0.050           0.127            0.275           0.603           0.208   0.018                     0.020                   0.372                        5.262          0.044         0.003                 0.018      0.133
18              0.055           0.137            0.280           0.625           0.216   0.018                     0.022                   0.413                        6.430          0.047         0.003                 0.021      0.136
20              0.036           0.105            0.220           0.667           0.248   0.018                     0.018                   0.357                        5.132          0.045         0.003                 0.023      0.110
22              0.039           0.097            0.185           0.640           0.223   0.018                     0.020                   0.402                        5.870          0.044         0.003                 0.026      0.122
24              0.072           0.131            0.215           0.557           0.179   0.018                     0.034                   0.558                       10.744          0.059         0.003                 0.039      0.130
26              0.061           0.089            0.167           0.520           0.137   0.018                     0.041                   0.636                       11.366          0.066         0.003                 0.051      0.119
28              0.210           0.423            0.721           0.612           0.221   0.018                     0.109                   0.757                       35.330          0.181         0.003                 0.106      0.108

== prediction (devtest): ambient shift vs per-language-PCA maps
       rho_identity_amb  rho_shift_amb  rho_scaledshift_amb  frac_err_removed_by_shift  p1_identity_amb  p1_shift_amb  rho_shift_k64  rho_shift_trunc_k64  rho_polar_id_k64  rho_proc_k64  rho_ridge_k64  proc_vs_identity_k64  p1_shift_trunc_k64  p1_polar_id_k64  p1_proc_k64  p1_ridge_k64
layer                                                                                                                                                                                                                                                                                         
0                 4.275          1.980                0.983                      0.537            0.043         0.170          1.052                1.011             1.644         1.482          0.845                 0.257               0.026            0.038        0.078         0.081
2                 4.546          1.720                0.945                      0.622            0.105         0.462          0.932                0.917             1.377         1.278          0.750                 0.456               0.134            0.157        0.188         0.187
4                 3.337          1.486                0.898                      0.555            0.419         0.795          0.756                0.767             1.151         1.091          0.666                 0.610               0.397            0.398        0.417         0.430
6                 3.031          1.354                0.853                      0.553            0.553         0.906          0.640                0.665             0.975         0.915          0.571                 0.697               0.529            0.541        0.580         0.599
8                 2.258          1.056                0.726                      0.532            0.772         0.986          0.478                0.512             0.699         0.668          0.440                 0.842               0.804            0.810        0.830         0.840
10                1.749          0.860                0.611                      0.508            0.871         0.986          0.383                0.416             0.543         0.522          0.350                 0.915               0.880            0.883        0.898         0.903
12                1.567          0.762                0.556                      0.514            0.898         0.990          0.343                0.370             0.470         0.452          0.305                 0.925               0.922            0.925        0.936         0.939
14                1.400          0.691                0.517                      0.507            0.925         0.991          0.309                0.332             0.412         0.397          0.273                 0.935               0.944            0.946        0.954         0.955
16                1.504          0.691                0.517                      0.540            0.913         0.991          0.325                0.344             0.426         0.407          0.275                 0.923               0.943            0.944        0.954         0.956
18                1.633          0.703                0.521                      0.570            0.893         0.991          0.333                0.349             0.432         0.412          0.274                 0.917               0.942            0.944        0.954         0.957
20                2.262          0.732                0.525                      0.676            0.841         0.985          0.361                0.375             0.471         0.450          0.281                 0.918               0.923            0.921        0.934         0.939
22                2.273          0.793                0.547                      0.651            0.831         0.982          0.366                0.382             0.490         0.469          0.285                 0.910               0.913            0.911        0.924         0.929
24                3.308          0.950                0.618                      0.713            0.614         0.971          0.418                0.444             0.598         0.560          0.323                 0.895               0.827            0.831        0.856         0.872
26                5.042          1.038                0.689                      0.794            0.301         0.958          0.433                0.467             0.609         0.558          0.339                 0.896               0.761            0.782        0.814         0.831
28               17.218          1.561                0.902                      0.909            0.015         0.673          0.854                0.866             1.253         0.809          0.423                 0.712               0.276            0.338        0.577         0.636

== prediction k=256
       rho_shift_trunc_k256  rho_polar_id_k256  rho_proc_k256  rho_ridge_k256  proc_vs_identity_k256  p1_shift_trunc_k256  p1_polar_id_k256  p1_proc_k256  p1_ridge_k256
layer                                                                                                                                                                   
0                     1.152              1.781          1.621           1.011                  0.156                0.062             0.077         0.174          0.161
2                     1.043              1.510          1.412           0.893                  0.294                0.264             0.304         0.348          0.330
4                     0.882              1.279          1.231           0.800                  0.435                0.606             0.630         0.652          0.635
6                     0.777              1.118          1.073           0.705                  0.526                0.729             0.762         0.788          0.779
8                     0.622              0.838          0.832           0.567                  0.683                0.933             0.945         0.945          0.936
10                    0.514              0.670          0.670           0.459                  0.793                0.957             0.965         0.968          0.963
12                    0.466              0.590          0.592           0.409                  0.802                0.972             0.976         0.979          0.977
14                    0.423              0.528          0.531           0.372                  0.815                0.977             0.980         0.982          0.981
16                    0.435              0.539          0.536           0.371                  0.799                0.976             0.979         0.982          0.981
18                    0.440              0.545          0.539           0.368                  0.788                0.975             0.979         0.982          0.980
20                    0.458              0.571          0.561           0.364                  0.783                0.963             0.967         0.973          0.969
22                    0.470              0.601          0.587           0.372                  0.775                0.955             0.960         0.966          0.962
24                    0.533              0.715          0.680           0.410                  0.771                0.919             0.929         0.940          0.937
26                    0.541              0.734          0.668           0.420                  0.780                0.883             0.902         0.918          0.914
28                    0.944              1.352          0.868           0.478                  0.616                0.428             0.517         0.715          0.738

== content dependence of offsets (LOO-hub residual / target energy)
       hub_resid_shift  hub_resid_alpha  hub_resid_ridge_shared  hub_resid_ridge_perlang  ridge_rel
layer                                                                                              
0                0.956            0.913                   0.948                    0.865        1.0
2                0.848            0.808                   0.842                    0.746        1.0
4                0.750            0.710                   0.747                    0.670        1.0
6                0.679            0.642                   0.678                    0.603        1.0
8                0.525            0.494                   0.524                    0.468        1.0
10               0.418            0.386                   0.418                    0.377        1.0
12               0.373            0.344                   0.372                    0.334        1.0
14               0.342            0.316                   0.341                    0.307        1.0
16               0.343            0.317                   0.342                    0.303        1.0
18               0.347            0.321                   0.347                    0.305        1.0
20               0.355            0.324                   0.355                    0.300        1.0
22               0.376            0.339                   0.376                    0.312        1.0
24               0.437            0.392                   0.436                    0.352        1.0
26               0.494            0.459                   0.493                    0.375        1.0
28               0.764            0.726                   0.752                    0.429        1.0

== unembedding: energy fraction in span(W_U top-512) [iso=0.143] / top-64 [iso=0.018]
         W_a    W_b    W_e    W_m  W_iso  W64_a  W64_b  W64_e  Wgain_skip0_a  Wgain_skip0_b  Wgain_skip0_e
layer                                                                                                     
0      0.141  0.148  0.143  0.128  0.143  0.020  0.025  0.019         72.260         80.351         71.991
2      0.209  0.174  0.172  0.212  0.143  0.038  0.039  0.032        122.047        108.520         98.623
4      0.230  0.187  0.174  0.247  0.143  0.042  0.040  0.033        136.498        111.312         99.364
6      0.224  0.196  0.174  0.170  0.143  0.042  0.042  0.034        138.115        116.244        100.205
8      0.231  0.215  0.186  0.177  0.143  0.045  0.045  0.038        142.004        123.399        108.870
10     0.253  0.223  0.191  0.203  0.143  0.048  0.044  0.038        151.452        123.165        110.439
12     0.275  0.264  0.209  0.173  0.143  0.057  0.060  0.045        173.792        148.799        122.501
14     0.284  0.277  0.212  0.166  0.143  0.060  0.067  0.046        175.051        158.840        125.362
16     0.283  0.297  0.221  0.177  0.143  0.061  0.079  0.051        175.644        177.005        133.701
18     0.284  0.305  0.223  0.181  0.143  0.061  0.083  0.052        177.339        184.409        136.196
20     0.301  0.333  0.238  0.212  0.143  0.063  0.093  0.054        181.459        198.384        140.790
22     0.311  0.324  0.231  0.186  0.143  0.067  0.087  0.050        186.949        189.560        133.828
24     0.298  0.289  0.210  0.136  0.143  0.059  0.071  0.041        170.567        162.956        117.005
26     0.317  0.248  0.187  0.078  0.143  0.061  0.054  0.030        177.654        134.365         97.393
28     0.141  0.134  0.161  0.089  0.143  0.066  0.044  0.057        142.154        114.425        132.724

== unembedding ratios
       W_a_over_b  Wgain_a_over_b
layer                            
0           0.956           0.899
2           1.201           1.125
4           1.229           1.226
6           1.143           1.188
8           1.077           1.151
10          1.131           1.230
12          1.042           1.168
14          1.025           1.102
16          0.954           0.992
18          0.930           0.962
20          0.902           0.915
22          0.962           0.986
24          1.030           1.047
26          1.276           1.322
28          1.060           1.242

== per-language ||a_i||^2 / content variance, by layer
lang   eng_Latn  deu_Latn  fra_Latn  spa_Latn  rus_Cyrl  hin_Deva  arb_Arab  zho_Hans  jpn_Jpan  tur_Latn  vie_Latn  ind_Latn
layer                                                                                                                        
0          4.21      2.43      2.62      2.80      2.46     11.14      3.09      3.15      3.72      2.33      2.91      2.62
2          2.98      2.24      1.91      1.85      2.22      8.79      3.48      2.77      3.20      4.59      3.47      3.36
4          1.70      1.32      1.19      1.17      1.51      4.47      1.71      1.70      1.50      2.76      1.58      1.92
6          1.66      0.92      0.81      0.84      0.95      3.94      1.17      1.60      1.16      2.18      1.07      1.13
8          0.84      0.52      0.47      0.46      0.49      2.24      0.67      0.84      0.68      1.06      0.64      0.64
10         0.50      0.35      0.30      0.30      0.35      1.33      0.43      0.51      0.46      0.73      0.42      0.38
12         0.45      0.30      0.25      0.26      0.34      1.20      0.34      0.48      0.42      0.58      0.35      0.29
14         0.40      0.25      0.21      0.22      0.29      1.04      0.30      0.47      0.38      0.52      0.29      0.24
16         0.45      0.31      0.26      0.26      0.34      1.14      0.35      0.51      0.48      0.56      0.35      0.28
18         0.52      0.34      0.28      0.28      0.41      1.18      0.40      0.63      0.60      0.73      0.40      0.32
20         0.77      0.71      0.57      0.57      0.70      1.53      0.84      0.89      1.01      1.02      0.79      0.64
22         0.76      0.58      0.58      0.57      0.70      1.34      0.94      0.99      0.97      0.87      0.73      0.77
24         1.09      1.04      0.93      0.77      0.95      2.01      1.12      1.63      1.71      1.93      1.83      1.18
26         1.45      2.73      2.65      2.81      1.50      2.56      2.50      1.79      2.79      4.56      3.09      3.53
28         7.36     12.95     12.45     13.52     15.71     23.57     29.65     21.06     26.47     10.97     15.91     12.13

== per-language hub alpha (content gain), by layer
lang   eng_Latn  deu_Latn  fra_Latn  spa_Latn  rus_Cyrl  hin_Deva  arb_Arab  zho_Hans  jpn_Jpan  tur_Latn  vie_Latn  ind_Latn
layer                                                                                                                        
0          1.15      0.61      0.70      0.67      0.50      0.12      0.42      0.90      0.57      0.47      0.75      0.61
2          1.26      0.72      0.84      0.81      0.81      0.18      0.58      1.24      0.84      0.54      0.86      0.65
4          1.32      0.86      0.99      0.95      0.96      0.25      0.64      1.22      0.89      0.53      0.85      0.73
6          1.28      0.91      1.04      1.00      1.00      0.27      0.74      1.15      0.89      0.57      0.89      0.83
8          1.27      0.95      1.06      1.02      1.02      0.40      0.84      1.13      0.93      0.68      0.95      0.91
10         1.28      0.96      1.08      1.05      1.01      0.44      0.87      1.16      0.96      0.70      0.99      0.94
12         1.26      0.97      1.08      1.05      1.02      0.48      0.89      1.15      0.96      0.72      1.00      0.95
14         1.25      0.98      1.08      1.05      1.02      0.51      0.90      1.15      0.97      0.74      0.99      0.95
16         1.25      0.97      1.08      1.05      1.01      0.51      0.90      1.15      0.96      0.75      0.99      0.95
18         1.26      0.97      1.07      1.05      1.01      0.51      0.90      1.16      0.96      0.74      0.99      0.94
20         1.32      0.95      1.06      1.05      0.99      0.49      0.89      1.21      0.97      0.72      0.99      0.93
22         1.37      0.92      1.05      1.04      0.97      0.46      0.88      1.26      0.98      0.69      1.02      0.90
24         1.40      0.89      1.04      1.03      0.96      0.39      0.85      1.29      1.00      0.63      1.05      0.89
26         1.25      0.91      1.03      1.04      0.97      0.38      0.87      1.16      0.95      0.65      1.11      0.94
28         1.31      0.87      1.03      1.05      0.76      0.26      0.56      0.92      0.69      0.62      1.00      0.94

== per-language W_U fraction of the offset, by layer
lang   eng_Latn  deu_Latn  fra_Latn  spa_Latn  rus_Cyrl  hin_Deva  arb_Arab  zho_Hans  jpn_Jpan  tur_Latn  vie_Latn  ind_Latn
layer                                                                                                                        
0          0.16      0.13      0.14      0.14      0.15      0.14      0.14      0.13      0.14      0.15      0.13      0.15
2          0.24      0.23      0.28      0.27      0.29      0.16      0.20      0.29      0.23      0.17      0.17      0.17
4          0.21      0.26      0.32      0.30      0.30      0.17      0.21      0.28      0.30      0.18      0.22      0.19
6          0.21      0.27      0.33      0.29      0.31      0.15      0.22      0.28      0.33      0.16      0.23      0.20
8          0.23      0.29      0.32      0.30      0.32      0.15      0.24      0.27      0.33      0.17      0.25      0.22
10         0.25      0.30      0.34      0.31      0.34      0.17      0.26      0.30      0.34      0.20      0.26      0.24
12         0.31      0.33      0.34      0.33      0.35      0.18      0.28      0.34      0.37      0.22      0.28      0.26
14         0.31      0.33      0.34      0.34      0.36      0.19      0.28      0.36      0.38      0.22      0.28      0.27
16         0.31      0.32      0.34      0.35      0.35      0.18      0.28      0.36      0.38      0.22      0.27      0.26
18         0.30      0.33      0.34      0.35      0.35      0.18      0.27      0.35      0.37      0.23      0.27      0.26
20         0.31      0.35      0.36      0.37      0.35      0.21      0.26      0.36      0.38      0.23      0.27      0.29
22         0.31      0.35      0.36      0.39      0.35      0.23      0.27      0.35      0.41      0.25      0.26      0.29
24         0.30      0.38      0.40      0.38      0.33      0.17      0.26      0.27      0.38      0.29      0.26      0.30
26         0.29      0.43      0.44      0.34      0.34      0.15      0.27      0.29      0.36      0.29      0.25      0.34
28         0.26      0.17      0.19      0.20      0.20      0.06      0.10      0.20      0.05      0.17      0.17      0.16

== within-language Spearman(per-sentence offset norm, log ntok), by layer
lang   eng_Latn  deu_Latn  fra_Latn  spa_Latn  rus_Cyrl  hin_Deva  arb_Arab  zho_Hans  jpn_Jpan  tur_Latn  vie_Latn  ind_Latn
layer                                                                                                                        
0         -0.83     -0.86     -0.85     -0.88     -0.89     -0.75     -0.81     -0.89     -0.82     -0.85     -0.84     -0.84
2         -0.82     -0.82     -0.82     -0.88     -0.86     -0.71     -0.77     -0.83     -0.79     -0.80     -0.79     -0.81
4         -0.83     -0.83     -0.84     -0.88     -0.85     -0.76     -0.79     -0.84     -0.81     -0.82     -0.82     -0.80
6         -0.81     -0.83     -0.83     -0.88     -0.86     -0.76     -0.78     -0.81     -0.82     -0.81     -0.83     -0.82
8         -0.79     -0.82     -0.79     -0.86     -0.84     -0.73     -0.79     -0.82     -0.82     -0.78     -0.82     -0.81
10        -0.68     -0.78     -0.73     -0.77     -0.78     -0.56     -0.71     -0.77     -0.76     -0.68     -0.74     -0.72
12        -0.69     -0.76     -0.72     -0.77     -0.76     -0.56     -0.71     -0.76     -0.76     -0.67     -0.74     -0.71
14        -0.68     -0.73     -0.70     -0.74     -0.74     -0.53     -0.69     -0.74     -0.73     -0.64     -0.72     -0.69
16        -0.65     -0.71     -0.69     -0.73     -0.72     -0.52     -0.67     -0.71     -0.71     -0.63     -0.70     -0.67
18        -0.65     -0.71     -0.69     -0.74     -0.72     -0.52     -0.67     -0.72     -0.70     -0.63     -0.70     -0.67
20        -0.54     -0.65     -0.64     -0.67     -0.68     -0.45     -0.61     -0.71     -0.64     -0.57     -0.62     -0.58
22        -0.52     -0.67     -0.66     -0.70     -0.71     -0.44     -0.65     -0.73     -0.67     -0.58     -0.65     -0.61
24        -0.38     -0.71     -0.70     -0.71     -0.74     -0.41     -0.67     -0.65     -0.69     -0.58     -0.67     -0.67
26        -0.30     -0.71     -0.67     -0.67     -0.75     -0.40     -0.65     -0.60     -0.65     -0.53     -0.62     -0.66
28        -0.27     -0.49     -0.52     -0.54     -0.52     -0.29     -0.40     -0.27     -0.32     -0.41     -0.38     -0.44

== attribute algebra: LOO R2 (vs predicting mean of the other 11), label-permutation null
-- drop_hin=False
model  2x2(Latin,IE)  crossing_cos  family(IE,Germ,Rom)  fertility  script(Latin,CJK)  script+family  script+family+fert
layer                                                                                                                   
0             -0.041        -0.034               -0.279     -0.343             -0.019         -0.269              -1.110
2             -0.140        -0.130               -0.271     -0.216             -0.076         -0.336              -0.965
4             -0.207        -0.142               -0.339     -0.208             -0.136         -0.426              -1.058
6             -0.240        -0.284               -0.358     -0.141             -0.129         -0.418              -0.907
8             -0.247        -0.235               -0.364     -0.056             -0.155         -0.442              -0.808
10            -0.245        -0.239               -0.336     -0.061             -0.147         -0.426              -0.837
12            -0.253        -0.236               -0.339     -0.094             -0.152         -0.427              -0.885
14            -0.253        -0.234               -0.339     -0.130             -0.144         -0.421              -0.893
16            -0.247        -0.198               -0.340     -0.131             -0.169         -0.444              -0.948
18            -0.250        -0.202               -0.331     -0.179             -0.161         -0.432              -0.997
20            -0.217        -0.143               -0.320     -0.218             -0.166         -0.416              -1.111
22            -0.191        -0.082               -0.305     -0.263             -0.132         -0.376              -1.141
24            -0.197        -0.103               -0.300     -0.250             -0.101         -0.388              -1.171
26            -0.195        -0.093               -0.345     -0.194             -0.098         -0.441              -1.079
28            -0.052         0.182               -0.268     -0.384             -0.131         -0.325              -1.284
model  2x2(Latin,IE)  crossing_cos  family(IE,Germ,Rom)  fertility  script(Latin,CJK)  script+family  script+family+fert
layer                                                                                                                   
0             -0.136         0.307               -0.258     -0.162             -0.110         -0.397              -0.933
2             -0.144         0.279               -0.296     -0.173             -0.130         -0.427              -1.028
4             -0.146         0.270               -0.275     -0.169             -0.148         -0.460              -1.071
6             -0.103         0.393               -0.197     -0.125             -0.099         -0.389              -0.918
8             -0.109         0.395               -0.210     -0.134             -0.105         -0.393              -0.946
10            -0.112         0.403               -0.203     -0.125             -0.106         -0.388              -0.979
12            -0.110         0.424               -0.182     -0.114             -0.091         -0.373              -0.918
14            -0.112         0.436               -0.174     -0.100             -0.082         -0.350              -0.898
16            -0.115         0.427               -0.180     -0.105             -0.084         -0.353              -0.912
18            -0.125         0.411               -0.193     -0.117             -0.086         -0.369              -0.915
20            -0.131         0.348               -0.229     -0.142             -0.117         -0.413              -1.043
22            -0.144         0.331               -0.245     -0.165             -0.134         -0.456              -1.077
24            -0.157         0.269               -0.280     -0.185             -0.145         -0.470              -1.091
26            -0.182         0.179               -0.336     -0.207             -0.175         -0.514              -1.255
28            -0.118         0.362               -0.258     -0.164             -0.122         -0.412              -0.931
model  2x2(Latin,IE)  crossing_cos  family(IE,Germ,Rom)  fertility  script(Latin,CJK)  script+family  script+family+fert
layer                                                                                                                   
0              0.007         0.563                0.076      0.678              0.007          0.003               0.143
2              0.033         0.764                0.040      0.176              0.003          0.003               0.040
4              0.309         0.793                0.106      0.150              0.050          0.027               0.043
6              0.515         0.875                0.226      0.066              0.080          0.093               0.047
8              0.545         0.822                0.229      0.007              0.133          0.106               0.017
10             0.555         0.814                0.179      0.010              0.126          0.096               0.023
12             0.595         0.804                0.189      0.033              0.140          0.123               0.047
14             0.595         0.790                0.196      0.073              0.130          0.133               0.050
16             0.558         0.751                0.186      0.080              0.173          0.156               0.070
18             0.578         0.768                0.169      0.163              0.156          0.133               0.086
20             0.375         0.733                0.136      0.223              0.116          0.060               0.080
22             0.216         0.660                0.106      0.392              0.050          0.007               0.083
24             0.209         0.736                0.076      0.269              0.010          0.010               0.070
26             0.116         0.812                0.066      0.040              0.003          0.010               0.017
28             0.010         0.218                0.070      0.767              0.083          0.003               0.299
-- drop_hin=True
model  2x2(Latin,IE)  crossing_cos  family(IE,Germ,Rom)  fertility  script(Latin,CJK)  script+family  script+family+fert
layer                                                                                                                   
0             -0.022         0.072               -0.162     -0.044             -0.007         -0.159              -0.579
2             -0.154         0.039               -0.152      0.011             -0.115         -0.291              -0.684
4             -0.204         0.072               -0.187      0.038             -0.181         -0.353              -0.721
6             -0.189         0.054               -0.187      0.073             -0.157         -0.304              -0.601
8             -0.195         0.115               -0.196      0.051             -0.207         -0.352              -0.744
10            -0.202         0.105               -0.179      0.037             -0.193         -0.338              -0.772
12            -0.211         0.109               -0.171      0.054             -0.193         -0.319              -0.696
14            -0.210         0.121               -0.163      0.047             -0.165         -0.295              -0.665
16            -0.202         0.174               -0.160      0.045             -0.198         -0.325              -0.768
18            -0.223         0.128               -0.168      0.058             -0.193         -0.327              -0.807
20            -0.204         0.127               -0.180      0.028             -0.208         -0.352              -0.843
22            -0.196         0.122               -0.177      0.030             -0.204         -0.344              -0.748
24            -0.221         0.043               -0.222      0.036             -0.149         -0.379              -0.896
26            -0.225        -0.007               -0.291      0.005             -0.126         -0.459              -0.991
28            -0.074        -0.066               -0.155     -0.112             -0.073         -0.245              -0.810
model  2x2(Latin,IE)  crossing_cos  family(IE,Germ,Rom)  fertility  script(Latin,CJK)  script+family  script+family+fert
layer                                                                                                                   
0             -0.119         0.352               -0.220     -0.159             -0.097         -0.428              -1.138
2             -0.163         0.277               -0.235     -0.163             -0.121         -0.478              -1.217
4             -0.174         0.258               -0.243     -0.163             -0.132         -0.483              -1.267
6             -0.143         0.347               -0.208     -0.142             -0.102         -0.402              -1.155
8             -0.153         0.330               -0.227     -0.151             -0.117         -0.418              -1.218
10            -0.156         0.329               -0.238     -0.135             -0.112         -0.444              -1.218
12            -0.156         0.356               -0.216     -0.131             -0.102         -0.404              -1.165
14            -0.151         0.371               -0.215     -0.121             -0.103         -0.407              -1.129
16            -0.154         0.365               -0.211     -0.124             -0.103         -0.391              -1.109
18            -0.152         0.364               -0.208     -0.116             -0.100         -0.398              -1.116
20            -0.168         0.307               -0.234     -0.145             -0.116         -0.455              -1.239
22            -0.163         0.297               -0.235     -0.158             -0.125         -0.466              -1.228
24            -0.182         0.242               -0.242     -0.172             -0.132         -0.496              -1.320
26            -0.201         0.156               -0.261     -0.160             -0.145         -0.562              -1.413
28            -0.118         0.375               -0.185     -0.137             -0.112         -0.399              -1.019
model  2x2(Latin,IE)  crossing_cos  family(IE,Germ,Rom)  fertility  script(Latin,CJK)  script+family  script+family+fert
layer                                                                                                                   
0              0.007         0.358                0.030      0.010              0.010          0.003               0.003
2              0.040         0.401                0.003      0.003              0.043          0.007               0.007
4              0.166         0.321                0.023      0.003              0.166          0.003               0.007
6              0.173         0.396                0.033      0.003              0.140          0.010               0.007
8              0.176         0.286                0.040      0.003              0.262          0.013               0.007
10             0.186         0.303                0.030      0.003              0.226          0.013               0.007
12             0.229         0.316                0.033      0.003              0.229          0.013               0.007
14             0.216         0.309                0.030      0.003              0.176          0.013               0.007
16             0.183         0.241                0.030      0.003              0.249          0.020               0.007
18             0.276         0.301                0.037      0.003              0.252          0.020               0.007
20             0.150         0.265                0.030      0.003              0.252          0.013               0.007
22             0.120         0.264                0.027      0.003              0.243          0.013               0.007
24             0.209         0.373                0.037      0.003              0.086          0.003               0.007
26             0.156         0.505                0.090      0.003              0.020          0.007               0.003
28             0.023         0.600                0.020      0.043              0.030          0.013               0.017

== tree / metric
    layer   eps4  eps4_null  eps4_null_p05  delta_rel  delta_rel_null   coph  coph_null  coph_null_p95
0       0  0.303      0.411          0.367      0.208           0.288  0.965      0.716          0.846
1       2  0.353      0.424          0.383      0.206           0.280  0.923      0.722          0.837
2       4  0.392      0.427          0.389      0.177           0.254  0.941      0.723          0.843
3       6  0.371      0.389          0.343      0.183           0.250  0.912      0.740          0.868
4       8  0.375      0.381          0.336      0.170           0.243  0.914      0.734          0.862
5      10  0.384      0.387          0.341      0.192           0.257  0.865      0.732          0.841
6      12  0.387      0.392          0.343      0.215           0.268  0.847      0.730          0.856
7      14  0.393      0.393          0.344      0.210           0.276  0.853      0.738          0.856
8      16  0.384      0.399          0.357      0.212           0.273  0.893      0.729          0.846
9      18  0.372      0.400          0.366      0.216           0.287  0.878      0.732          0.847
10     20  0.384      0.419          0.383      0.246           0.267  0.822      0.713          0.834
11     22  0.376      0.436          0.397      0.248           0.267  0.778      0.718          0.844
12     24  0.393      0.436          0.398      0.206           0.242  0.825      0.723          0.849
13     26  0.373      0.481          0.448      0.131           0.258  0.870      0.710          0.820
14     28  0.365      0.412          0.368      0.251           0.274  0.879      0.725          0.845

== Mantel (Spearman) and MRM coefficients
ref    MRM_family  MRM_fertility  MRM_script  MRM_token  charbigram  family  fertility  script  token
layer                                                                                                
0           -0.06           0.40       -0.09       0.61        0.52   -0.05       0.70    0.56   0.74
2            0.25           0.37       -0.22       0.51        0.44    0.23       0.50    0.35   0.55
4            0.27           0.49       -0.16       0.25        0.28    0.19       0.52    0.26   0.43
6            0.26           0.60       -0.20       0.28        0.28    0.16       0.62    0.28   0.47
8            0.23           0.52       -0.27       0.40        0.31    0.16       0.59    0.28   0.49
10           0.22           0.47       -0.26       0.43        0.35    0.17       0.56    0.30   0.50
12           0.16           0.53       -0.19       0.38        0.35    0.10       0.62    0.34   0.53
14           0.16           0.54       -0.14       0.35        0.36    0.10       0.64    0.37   0.55
16           0.16           0.45       -0.23       0.50        0.41    0.12       0.60    0.37   0.58
18           0.16           0.48       -0.20       0.47        0.41    0.12       0.62    0.38   0.58
20           0.20           0.33       -0.26       0.60        0.46    0.20       0.51    0.38   0.59
22           0.26           0.37       -0.06       0.48        0.56    0.25       0.55    0.50   0.67
24           0.40           0.36       -0.33       0.49        0.32    0.37       0.41    0.25   0.47
26           0.33          -0.34       -0.55       0.49       -0.06    0.42      -0.35   -0.25  -0.09
28           0.21          -0.10        0.43       0.42        0.83    0.33       0.24    0.75   0.75
ref    MRM_family  MRM_fertility  MRM_script  MRM_token  charbigram  family  fertility  script  token
layer                                                                                                
0           0.806          0.062       0.800      0.076       0.012   0.563      0.001   0.002  0.000
2           0.313          0.146       0.501      0.204       0.048   0.167      0.025   0.066  0.010
4           0.271          0.056       0.627      0.553       0.122   0.202      0.022   0.131  0.047
6           0.267          0.016       0.535      0.487       0.124   0.237      0.003   0.116  0.030
8           0.327          0.034       0.397      0.303       0.106   0.230      0.010   0.111  0.025
10          0.357          0.068       0.431      0.271       0.080   0.224      0.016   0.102  0.024
12          0.499          0.036       0.547      0.321       0.078   0.306      0.004   0.072  0.016
14          0.501          0.034       0.623      0.363       0.072   0.308      0.002   0.051  0.013
16          0.515          0.054       0.441      0.186       0.045   0.256      0.003   0.050  0.009
18          0.511          0.046       0.493      0.220       0.053   0.271      0.003   0.046  0.010
20          0.367          0.116       0.353      0.094       0.021   0.151      0.008   0.033  0.003
22          0.186          0.086       0.816      0.136       0.004   0.089      0.003   0.008  0.000
24          0.052          0.132       0.299      0.220       0.095   0.047      0.027   0.115  0.019
26          0.168          0.232       0.118      0.230       0.576   0.043      0.945   0.863  0.628
28          0.371          0.681       0.136      0.248       0.000   0.054      0.147   0.000  0.001

== depth dynamics of the centroid configuration (shape = Procrustes w/ rotation+scale; ident = no rotation)
       split_shape  split_ident  next_shape  next_ident  next_subspace  next_shape_null  next_rsa  shape_vs_L0  ident_vs_L0  shape_vs_L14  ident_vs_L14  shape_vs_last  ident_vs_last
layer                                                                                                                                                                                
0              1.0        0.999       0.978       0.092          0.013            0.859     0.843        1.000        1.000         0.941         0.043          0.928          0.003
2              1.0        0.999       0.990       0.841          0.740            0.882     0.951        0.978        0.092         0.963         0.559          0.921          0.037
4              1.0        0.999       0.991       0.894          0.849            0.862     0.966        0.961        0.063         0.979         0.681          0.904          0.034
6              1.0        0.999       0.998       0.895          0.783            0.836     0.991        0.955        0.053         0.991         0.772          0.882          0.005
8              1.0        0.999       0.999       0.927          0.846            0.837     0.991        0.952        0.055         0.993         0.864          0.878          0.000
10             1.0        0.999       0.998       0.960          0.920            0.828     0.991        0.946        0.048         0.996         0.934          0.879          0.010
12             1.0        0.999       0.999       0.976          0.954            0.815     0.995        0.944        0.045         0.999         0.976          0.873          0.005
14             1.0        0.999       0.999       0.971          0.935            0.815     0.995        0.941        0.043         1.000         1.000          0.872          0.009
16             1.0        0.999       0.998       0.962          0.910            0.823     0.989        0.939        0.040         0.999         0.971          0.872          0.006
18             1.0        0.999       0.993       0.875          0.742            0.855     0.967        0.937        0.037         0.998         0.936          0.876          0.010
20             1.0        0.999       0.996       0.911          0.828            0.890     0.946        0.944        0.032         0.989         0.808          0.901          0.035
22             1.0        0.999       0.987       0.856          0.748            0.906     0.800        0.948        0.026         0.982         0.711          0.911          0.045
24             1.0        0.999       0.979       0.863          0.776            0.927     0.517        0.946        0.020         0.965         0.566          0.918          0.043
26             1.0        1.000       0.916       0.087          0.086            0.903    -0.011        0.918        0.014         0.920         0.415          0.916          0.087
28             1.0        1.000         NaN         NaN            NaN              NaN       NaN        0.928        0.003         0.872         0.009          1.000          1.000
       mean_pair_dist2_over_content  mean_pair_dist2_over_total
layer                                                          
0                             7.920                       0.913
2                             7.426                       1.084
4                             4.095                       0.898
6                             3.171                       0.839
8                             1.728                       0.668
10                            1.093                       0.533
12                            0.950                       0.499
14                            0.831                       0.463
16                            0.955                       0.515
18                            1.103                       0.571
20                            1.818                       0.799
22                            1.774                       0.774
24                            2.936                       0.998
26                            5.804                       1.323
28                           36.622                       1.864
