                        rho_proc  rho_ridge  ridge/proc  c_proc  c_proc/null  c_ridge/null  c_wproc1/null    hubO  hubSim   hubGL   O-Sim  Sim-GL  GL-ridge   Kglob  Kaniso   Kcomm  cc32_add  cc_res
layer k   data                                                                                                                                                                                       
4     64  R2iso           1.0562     0.6714      0.6357  0.5886       1.2431        0.8309         1.2156  0.6558  0.6558  0.6575 -0.0000 -0.0017   -0.0139  0.0001  0.0085  0.0510    0.0002  0.0192
          R2shuf          1.0790     0.7148      0.6625  0.3590       2.3132        0.9896         2.5661  0.7078  0.7077  0.7056  0.0001  0.0021   -0.0092  0.0004  0.0251  0.1267    0.0007  0.0222
          real            1.0908     0.6658      0.6104  0.5084       2.8792        1.1794         3.0961  0.7497  0.6877  0.6584  0.0620  0.0293   -0.0073  0.2817  0.1480  0.6370    0.0929  0.0271
14    64  R1              0.4057     0.3114      0.7676  0.0591       5.1298        1.2190         6.0294  0.3600  0.3588  0.3160  0.0013  0.0427    0.0046  0.0073  0.1056  0.4602    0.0024  0.0191
          R2iso           0.4032     0.3100      0.7690  0.1064       1.7457        0.7896         1.7138  0.3092  0.3092  0.3076 -0.0000  0.0016   -0.0025  0.0000  0.0017  0.0093    0.0001  0.0141
          R2shuf          0.4022     0.3566      0.8867  0.0277       2.6223        0.9517         2.5713  0.3629  0.3629  0.3558 -0.0000  0.0070   -0.0008  0.0001  0.0086  0.0459    0.0002  0.0175
          Rd              0.3916     0.3471      0.8862  0.0249       2.5206        1.0951         2.4752  0.3594  0.3560  0.3491  0.0034  0.0069    0.0020  0.0097  0.0094  0.0449    0.0037  0.0243
          real            0.3965     0.2728      0.6880  0.0771       4.5646        1.0603         5.1982  0.3355  0.2886  0.2729  0.0469  0.0157    0.0001  0.0885  0.0208  0.0949    0.0481  0.0225
          real_ntok0.5    0.3538     0.2535      0.7163  0.0634       4.9496        0.9862         5.1049  0.2820  0.2748  0.2538  0.0072  0.0210    0.0004  0.0179  0.0332  0.1850    0.0096  0.0209
      128 R2shuf          0.4481     0.3920      0.8748  0.0451       2.0107        0.9279         2.0594  0.4012  0.4013  0.3893 -0.0000  0.0119   -0.0027  0.0001  0.0209  0.1681    0.0002  0.0074
          real            0.4580     0.3138      0.6852  0.1099       2.4981        1.0112         2.7816  0.3878  0.3326  0.3118  0.0552  0.0208   -0.0020  0.1075  0.0370  0.2666    0.0465  0.0106
26    64  R2iso           0.5543     0.3983      0.7185  0.1932       1.5188        0.8110         1.4850  0.3940  0.3940  0.3934  0.0000  0.0007   -0.0049  0.0000  0.0027  0.0156    0.0001  0.0174
          R2shuf          0.5460     0.4018      0.7358  0.1269       3.7573        0.9347         4.6218  0.4043  0.4043  0.3990 -0.0000  0.0052   -0.0027  0.0001  0.0103  0.0531    0.0002  0.0142
          real            0.5579     0.3389      0.6074  0.1359       4.1845        1.0246         5.1595  0.4552  0.3667  0.3389  0.0884  0.0278    0.0000  0.1539  0.0607  0.3104    0.0881  0.0345

partial anisotropy ladder (rho, Wiener-predicted; p = # anisotropic stretch directions per language)
                        rho_hubSim  rho_hubGL_p0  rho_hubGL_p1  rho_hubGL_p2  rho_hubGL_p4  rho_hubGL_p8  rho_hubGL_p16  rho_hubGL_p32  rho_hubGL  rho_ridge
layer k   data                                                                                                                                              
4     64  R2iso             0.6558        0.7222        0.7214        0.7209        0.7202        0.7190         0.7165         0.7004     0.6575     0.6714
          R2shuf            0.7077        0.8044        0.7975        0.7864        0.7741        0.7563         0.7392         0.7177     0.7056     0.7148
          real              0.6877        0.7946        0.7874        0.7823        0.7743        0.7581         0.7305         0.6860     0.6584     0.6658
14    64  R2iso             0.3092        0.3415        0.3402        0.3393        0.3383        0.3370         0.3340         0.3239     0.3076     0.3100
          R2shuf            0.3629        0.4341        0.4249        0.4202        0.4090        0.3882         0.3693         0.3588     0.3558     0.3566
          real              0.2886        0.3872        0.3773        0.3692        0.3562        0.3371         0.3112         0.2835     0.2729     0.2728
          real_ntok0.5      0.2748        0.4862        0.4521        0.4329        0.3905        0.3345         0.2950         0.2659     0.2538     0.2535
      128 R2shuf            0.4013        0.6823        0.6624        0.6416        0.6024        0.5296         0.4620         0.4192     0.3893     0.3920
          real              0.3326        0.6066        0.5885        0.5713        0.5458        0.5128         0.4637         0.3958     0.3118     0.3138
26    64  R2iso             0.3940        0.4425        0.4415        0.4405        0.4393        0.4381         0.4350         0.4227     0.3934     0.3983
          R2shuf            0.4043        0.5350        0.4957        0.4886        0.4666        0.4408         0.4219         0.4054     0.3990     0.4018
          real              0.3667        0.5590        0.5307        0.5106        0.4929        0.4511         0.4031         0.3563     0.3389     0.3389

localisation of composition error (top 25% PCA coords of source language vs rest)
                        c_proc_top  c_proc_rest  c_procGL_top  c_ridge_top  c_ridge_rest  pairres_GL  c_proc_top_null  c_proc_rest_null  c_procGL_top_null  c_ridge_top_null  c_ridge_rest_null  pairres_GL_null
layer k   data                                                                                                                                                                                                  
4     64  R2iso             0.0580       0.5555        0.0083       0.0189        0.0345      0.0533           0.1121            0.4261             0.0036            0.0178             0.0473           0.0872
          R2shuf            0.1272       0.2279        0.0248       0.0254        0.0465      0.0209           0.0596            0.0949             0.0032            0.0264             0.0460           0.0208
          real              0.1435       0.3630        0.0316       0.0225        0.0528      0.0148           0.0463            0.1311             0.0013            0.0199             0.0440           0.0123
14    64  R2iso             0.0038       0.1043        0.0004       0.0039        0.0235      0.0063           0.0124            0.0574             0.0003            0.0069             0.0291           0.0105
          R2shuf            0.0034       0.0245        0.0002       0.0148        0.0202      0.0021           0.0032            0.0074             0.0001            0.0154             0.0214           0.0021
          real              0.0090       0.0677        0.0015       0.0053        0.0243      0.0014           0.0032            0.0138             0.0001            0.0066             0.0214           0.0013
          real_ntok0.5      0.0073       0.0557        0.0016       0.0046        0.0205      0.0010           0.0024            0.0104             0.0001            0.0072             0.0182           0.0009
      128 R2shuf            0.0084       0.0366        0.0011       0.0165        0.0263      0.0029           0.0077            0.0148             0.0004            0.0180             0.0282           0.0033
          real              0.0195       0.0891        0.0033       0.0076        0.0304      0.0017           0.0100            0.0342             0.0004            0.0093             0.0286           0.0021
26    64  R2iso             0.0099       0.1882        0.0012       0.0073        0.0272      0.0102           0.0283            0.1172             0.0006            0.0096             0.0338           0.0185
          R2shuf            0.0461       0.0764        0.0077       0.0124        0.0252      0.0026           0.0132            0.0204             0.0003            0.0139             0.0264           0.0028
          real              0.0335       0.0997        0.0073       0.0084        0.0282      0.0020           0.0096            0.0226             0.0002            0.0113             0.0245           0.0019
