
==== q1 (20 rows)
 layer      world  rho_identity  rho_shift  procU128_I  procU256_I  procU512_I  ridgeU256_I  ridgeU512_I  ridgeU512_0  dual_I  dual_0  shift_share  off2_trS  offc2_trS  off_inU256  content_inU256  off_inU64  content_inU64  off_inWU  content_inWU
    14       real        1.3999     0.6907      0.6800      0.6838      0.7157       0.6042       0.6837       0.6681  0.5426  0.5649       0.8272    0.7069     0.3507      0.5886          0.7487     0.2813         0.5268    0.2835        0.2575
    14   identity        1.2060     0.6486      0.6615      0.6838      0.7427       0.6363       0.7685       0.7788  0.5966  0.6340       0.9147    0.5562     0.2520      0.6028          0.7394     0.2978         0.5138    0.2835        0.2553
    14    abelian        1.2323     0.6746      0.6615      0.6839      0.7427       0.6363       0.7686       0.7789     NaN     NaN       0.9357    0.5562     0.2520      0.6029          0.7394     0.2982         0.5138    0.2835        0.2546
    14 nonabelian        1.2327     0.6748      0.6615      0.6838      0.7427       0.6362       0.7684       0.7787     NaN     NaN       0.9353    0.5563     0.2520      0.6028          0.7394     0.2979         0.5138    0.2835        0.2547
    14    scaling        1.2022     0.6580      0.6640      0.6859      0.7434       0.6253       0.7558       0.7659     NaN     NaN       0.9432    0.5409     0.2453      0.6028          0.7467     0.2978         0.5274    0.2835        0.2572
     2       real        4.5457     1.7202      1.6617      1.6540      1.6507       1.3680       1.5829       1.2877  1.1363  0.8520       0.8288    2.7603     1.3857      0.7090          0.6244     0.4550         0.3919    0.2083        0.1729
     2   identity        3.5055     1.5394      1.5884      1.6241      1.6661       1.3589       1.6887       1.4581  1.1999  0.9430       0.8527    1.9070     0.8862      0.7106          0.6174     0.4649         0.3805    0.2083        0.1728
     2    abelian        3.5600     1.5916      1.5890      1.6245      1.6663       1.3565       1.6849       1.4542     NaN     NaN       0.8933    1.9078     0.8865      0.7106          0.6173     0.4649         0.3805    0.2083        0.1743
     2 nonabelian        3.5577     1.5918      1.5886      1.6241      1.6660       1.3562       1.6843       1.4537     NaN     NaN       0.8930    1.9065     0.8859      0.7107          0.6175     0.4661         0.3808    0.2083        0.1742
     2    scaling        3.3847     1.5157      1.5403      1.5740      1.6140       1.3098       1.6291       1.4096     NaN     NaN       0.9008    1.8063     0.8387      0.7105          0.6360     0.4641         0.4107    0.2083        0.1737
    26       real        5.0416     1.0380      0.9471      0.9237      0.9196       0.8030       0.8506       0.7228  0.6531  0.6044       0.9123    3.9581     1.8420      0.7813          0.6765     0.4960         0.4477    0.3172        0.2224
    26   identity        4.3601     0.7815      0.7938      0.8112      0.8535       0.7331       0.8553       0.8326     NaN     NaN       0.9867    3.5479     1.6324      0.7700          0.6906     0.4384         0.4592    0.3172        0.2241
    26    abelian        4.4537     0.8777      0.7939      0.8113      0.8536       0.7323       0.8542       0.8315     NaN     NaN       0.9609    3.5477     1.6323      0.7699          0.6907     0.4393         0.4592    0.3172        0.2224
    26 nonabelian        4.4550     0.8774      0.7943      0.8116      0.8538       0.7323       0.8543       0.8315     NaN     NaN       0.9610    3.5478     1.6324      0.7700          0.6906     0.4395         0.4592    0.3172        0.2228
    26    scaling        4.0808     0.8051      0.7906      0.8067      0.8458       0.6860       0.8017       0.7808     NaN     NaN       0.9649    3.2074     1.4749      0.7700          0.7199     0.4384         0.5103    0.3172        0.2312
     8       real        2.2581     1.0564      1.0360      1.0423      1.0736       0.9160       1.0316       0.8947  0.7980  0.6959       0.8230    1.1819     0.5939      0.5717          0.6602     0.3144         0.4239    0.2313        0.2011
     8   identity        1.8797     0.9816      1.0013      1.0367      1.1056       0.9392       1.1262       1.0295     NaN     NaN       0.9550    0.8834     0.4025      0.5838          0.6484     0.3223         0.4078    0.2313        0.1998
     8    abelian        1.9024     1.0030      1.0013      1.0367      1.1056       0.9393       1.1262       1.0296     NaN     NaN       0.9338    0.8834     0.4026      0.5837          0.6484     0.3224         0.4078    0.2313        0.1996
     8 nonabelian        1.9014     1.0030      1.0013      1.0367      1.1056       0.9392       1.1262       1.0295     NaN     NaN       0.9337    0.8835     0.4026      0.5838          0.6484     0.3225         0.4077    0.2313        0.1995
     8    scaling        1.8620     0.9823      0.9964      1.0312      1.0987       0.9253       1.1101       1.0154     NaN     NaN       0.9391    0.8632     0.3934      0.5836          0.6564     0.3220         0.4212    0.2313        0.2007

==== q2 (32 rows)
 layer      world   m  rho_shift  rho_proc  rho_gpa  rho_torus  rho_torus_r1  rho_torus_r2  rho_torus_r4  L_norm2  splithalf_L_corr  splithalf_L_signal2  ang_pr_frac  ang_top4  sh_top4_planes  comm_raw  comm_norm  sh_comm  e_add  e_hol  sh_add  sh_hol  c_comp  c_abelian  n_det_neg  ang_frac_pi  theta1_corr_truth  mantel_t1_script_p  mantel_t1_family_p  mantel_torus_script  mantel_torus_script_p  mantel_torus_family_p  mantel_gpa_script  mantel_gpa_script_p  mantel_gpa_family  mantel_gpa_family_p                                    theta1_order
    14       real  64     0.3431    0.3268   0.3262     0.3305        0.3348        0.3312        0.3300   2.6065            0.3758               1.4851       0.2092    0.6621    1.046600e+00    0.2230     1.2548   1.3138 0.2389 0.2035  0.0379  0.0144  0.0045     0.0059          0       0.0000                NaN              0.2889              0.3128               0.2859                 0.1214                 0.0725             0.3570               0.0870             0.2339               0.0080 zho eng spa fra rus vie jpn arb ind deu tur hin
    14       real 128     0.4061    0.3867   0.3851     0.3870        0.3936        0.3889        0.3863  10.9629            0.2167               4.0985       0.1975    0.4756    1.034000e+00    0.1662     1.3315   1.7682 0.4470 0.3576  0.0932  0.0269  0.0164     0.0217          2       0.0005                NaN              0.2714              0.3178               0.2597                 0.1304                 0.0660             0.3476               0.0925             0.2487               0.0060 zho eng spa fra vie rus ind arb deu jpn tur hin
    14   identity  64     0.3291    0.3392   0.3382     0.3311        0.3302        0.3307        0.3311   1.4607           -0.0141              -0.0423       0.2591    0.5893    3.646672e+11    0.2189     1.2480  -1.3773 0.5416 0.5239  0.5862  0.4938  0.0075     0.0077          0       0.0000                NaN              0.0715              0.2379               0.3917                 0.0655                 0.1829             0.4783               0.0285             0.1908               0.0315 zho eng deu arb rus fra ind tur vie spa jpn hin
    14   identity 128     0.3907    0.4147   0.4116     0.3951        0.3931        0.3942        0.3951   8.7586            0.0009               0.0157       0.2198    0.4428    1.352518e+12    0.1683     1.3567  -2.9336 0.7460 0.6839  4.2000  2.3500  0.0280     0.0298          0       0.0000                NaN              0.0450              0.2934               0.3753                 0.0775                 0.2394             0.3234               0.1294             0.1234               0.1329 zho eng arb rus vie fra deu ind spa tur jpn hin
    14    abelian  64     0.3863    0.3393   0.3383     0.3307        0.3299        0.3304        0.3308   3.9492            0.3298               2.4221       0.2192    0.6819    2.564169e+10    0.1462     0.8261  -0.0378 0.2450 0.2309 -0.0106 -0.0089  0.0075     0.0082          0       0.0000             0.9999              0.8776              0.4553              -0.1578                 0.8456                 0.4313            -0.1363               0.7816             0.0645               0.3728 ind eng jpn rus zho vie deu spa hin arb fra tur
    14    abelian 128     0.4389    0.4147   0.4116     0.3946        0.3926        0.3936        0.3946  11.2239            0.1032               2.4413       0.2227    0.4480    2.484687e+11    0.1426     1.1374  -0.0952 0.5958 0.5420  0.0179  0.0081  0.0279     0.0305          0       0.0000             0.9999              0.8786              0.4638              -0.1085                 0.7261                 0.4058            -0.0537               0.6162             0.0985               0.2394 ind eng jpn rus zho vie deu spa hin arb fra tur
    14 nonabelian  64     0.3868    0.3392   0.3382     0.3716        0.3816        0.3782        0.3738   4.0706            0.4510               2.5416       0.3384    0.5192    7.557000e-01    0.1857     1.0584   1.5015 0.2218 0.1881  0.0216 -0.0058  0.0075     0.0102          0       0.0000                NaN              0.7936              0.9290              -0.1621                 0.7581                 0.7581             0.2820               0.1199             0.1624               0.0545 eng vie rus zho fra deu tur jpn arb ind hin spa
    14 nonabelian 128     0.4393    0.4146   0.4115     0.4266        0.4363        0.4334        0.4302  11.3415            0.1207               2.5488       0.2832    0.3716    1.269900e+00    0.1474     1.1774   2.6091 0.5876 0.5266  0.0637  0.0225  0.0279     0.0322          0       0.0000                NaN              0.0830              0.3958              -0.0211                 0.5177                 0.7121             0.2919               0.1429             0.1234               0.1309 zho eng vie tur rus fra deu jpn ind spa arb hin
     2       real  64     1.3560    1.2287   1.2190     1.2615        1.3027        1.2709        1.2587  62.0566            0.1377              10.3100       0.2628    0.5962    1.911900e+00    0.2066     1.1708   1.1523 2.0929 1.1927  0.9013  0.0870  0.4306     0.6072         33       0.0312                NaN              0.1709              0.1944               0.3711                 0.0755                 0.0165             0.3194               0.1179             0.2477               0.0025 zho eng jpn vie rus spa fra deu arb ind tur hin
     2       real 128     1.4372    1.3168   1.3096     1.3338        1.3800        1.3523        1.3342 192.9157            0.0740              17.0484       0.3255    0.3330    1.714100e+00    0.1443     1.1609   0.8718 2.3677 0.9983  0.9916  0.0092  0.5318     0.7977         35       0.0388                NaN              0.1084              0.1749               0.3891                 0.0635                 0.0110             0.3271               0.1114             0.2717               0.0100 zho eng jpn vie spa fra rus deu ind arb tur hin
     2   identity  64     1.2512    1.3146   1.2909     1.2592        1.2552        1.2574        1.2592  29.6940            0.0028               0.1683       0.1952    0.6667    4.659809e+12    0.2164     1.2442   4.0772 2.1885 1.8217  0.0395  0.0135  0.4943     0.5093         29       0.0142                NaN              0.4808              0.1154               0.0998                 0.3348                 0.1999             0.1848               0.2214             0.3082               0.0010 zho eng ind rus fra deu spa vie hin jpn arb tur
     2   identity 128     1.3256    1.4315   1.4044     1.3414        1.3343        1.3371        1.3407 127.1036            0.0015               0.2733       0.2478    0.4155    9.553416e+12    0.1523     1.2202   1.3944 2.4005 1.3803  3.5825  0.0816  0.6986     0.7743         27       0.0208                NaN              0.0915              0.1229               0.2285                 0.1804                 0.1409             0.3523               0.0935             0.1984               0.0390 zho eng rus ind spa fra hin deu vie jpn tur arb
     2    abelian  64     1.3936    1.3166   1.2923     1.2769        1.2617        1.2627        1.2634  49.2246            0.1339              10.3257       0.2243    0.6506    5.015835e+11    0.1979     1.1383   0.8317 2.2651 1.1367  2.0198  0.0238  0.5097     0.5889         21       0.0204             0.9999              0.8786              0.4388              -0.1054                 0.7841                 0.4598            -0.1206               0.7866             0.0538               0.3588 ind eng jpn rus zho vie deu spa hin arb fra tur
     2    abelian 128     1.4376    1.4325   1.4065     1.3391        1.3345        1.3373        1.3393 142.0350            0.0372               7.6829       0.2650    0.3940    2.420874e+12    0.1472     1.1854   1.9147 2.3904 1.2354  1.7573  0.0006  0.7083     0.8446         40       0.0249             0.9999              0.8776              0.4263              -0.1027                 0.7496                 0.4483             0.1168               0.2799             0.1484               0.1209 ind eng jpn rus zho vie deu spa hin arb fra tur
     2 nonabelian  64     1.3958    1.3166   1.2922     1.3483        1.3816        1.3728        1.3587  45.2515            0.1589              10.7383       0.2676    0.5689    1.385800e+00    0.1956     1.1125   1.7007 1.7066 1.2392  0.2373 -0.0093  0.5203     0.6167         29       0.0166                NaN              0.4043              0.3263              -0.1213                 0.7191                 0.4953             0.1059               0.2899             0.1513               0.0995 vie zho eng fra rus tur jpn deu ind spa hin arb
     2 nonabelian 128     1.4388    1.4320   1.4067     1.4061        1.4351        1.4276        1.4165 140.5096            0.0485               9.5176       0.2788    0.3836    2.396000e+00    0.1453     1.1651   2.8573 2.2398 1.2510  0.3130  0.0084  0.7122     0.8547         33       0.0218                NaN              0.0405              0.5457              -0.1117                 0.6832                 0.7631             0.3205               0.0980             0.1887               0.0620 zho eng rus vie fra ind tur deu spa hin jpn arb
    26       real  64     0.6072    0.4600   0.4597     0.5129        0.5518        0.5232        0.5018   6.2586            0.5794               4.3076       0.1283    0.7698    9.152000e-01    0.2805     1.5714   2.4913 0.6269 0.3037  0.4467  0.1002  0.0097     0.0366          3       0.0014                NaN              0.4268              0.3683              -0.0938                 0.6552                 0.1854             0.1748               0.2054             0.1418               0.1249 zho eng jpn vie rus fra spa arb ind deu hin tur
    26       real 128     0.6985    0.5054   0.5043     0.5619        0.6334        0.5836        0.5576  20.3467            0.3111               9.0514       0.1370    0.5693    9.124000e-01    0.1815     1.4559   2.2793 0.8529 0.5637  0.3570  0.0509  0.0247     0.0788         13       0.0033                NaN              0.5752              0.4273               0.1441                 0.2569                 0.1474             0.3097               0.1179             0.1990               0.0495 eng zho fra spa vie rus jpn ind arb deu hin tur
    26   identity  64     0.4128    0.4249   0.4235     0.4159        0.4143        0.4149        0.4157   2.6073           -0.0151              -0.1323       0.1271    0.7738    6.725214e+11    0.2762     1.5711 -77.6776 1.0034 0.9125  1.2680  0.6127  0.0306     0.0269          2       0.0009                NaN              0.3543              0.7116              -0.2194                 0.7791                 0.6597            -0.0628               0.5782             0.0581               0.2959 zho eng fra rus arb vie deu ind jpn hin tur spa
    26   identity 128     0.4935    0.5195   0.5165     0.5013        0.4966        0.4980        0.4996  14.3959            0.0108               0.3183       0.1078    0.6448    2.053370e+12    0.2119     1.7148  -5.0886 1.2689 1.0540  1.5238  0.1013  0.0837     0.0889          6       0.0014                NaN              0.6922              0.6832              -0.1718                 0.7166                 0.7836            -0.0110               0.5012            -0.0570               0.6942 eng zho vie rus ind fra arb deu spa jpn hin tur
    26    abelian  64     0.6591    0.4255   0.4241     0.4156        0.4142        0.4149        0.4156  18.5031            0.5572              14.3138       0.1367    0.8489    1.919900e+00    0.1210     0.6898   0.0147 1.2878 0.1763  1.7454  0.0005  0.0293     0.0315          2       0.0052             1.0000              0.8836              0.4338              -0.1478                 0.8646                 0.4523            -0.1471               0.8371             0.0253               0.4313 ind eng jpn rus zho vie deu spa hin arb fra tur
    26    abelian 128     0.6957    0.5197   0.5167     0.5009        0.4968        0.4981        0.4996  30.2590            0.2809              14.4000       0.1163    0.6544    1.367523e+11    0.1378     1.0808   0.1103 1.4489 0.5657  1.7827 -0.0002  0.0831     0.0979          5       0.0033             1.0000              0.8851              0.4398              -0.1463                 0.8416                 0.4393            -0.1405               0.7981             0.0274               0.4523 ind eng jpn rus zho vie deu spa hin arb fra tur
    26 nonabelian  64     0.6580    0.4261   0.4247     0.5885        0.6349        0.6181        0.5987  14.7804            0.6911              11.7985       0.2874    0.5734    6.672000e-01    0.2031     1.1552   1.5784 0.3346 0.1811  0.1548  0.0051  0.0295     0.0700          1       0.0005                NaN              0.7851              0.9435              -0.3038                 0.9250                 0.8041            -0.1907               0.8431             0.0531               0.3378 eng vie rus zho jpn tur fra ind deu arb hin spa
    26 nonabelian 128     0.6948    0.5202   0.5171     0.6311        0.6767        0.6632        0.6468  26.7479            0.3048              11.7671       0.1950    0.4700    7.690000e-01    0.1661     1.3281   3.1335 0.8033 0.6017  0.1842 -0.0017  0.0835     0.1268          4       0.0009                NaN              0.9170              0.9475              -0.3116                 0.9245                 0.9605            -0.0597               0.5847            -0.0332               0.6222 eng vie zho rus jpn tur fra arb deu hin ind spa
     8       real  64     0.5884    0.5470   0.5453     0.5556        0.5643        0.5570        0.5544   5.6578            0.3365               2.7446       0.2175    0.6378    1.026900e+00    0.2221     1.2764   1.1998 0.4423 0.3476  0.0553  0.0550  0.0218     0.0283          2       0.0009                NaN              0.2764              0.3083               0.2878                 0.1109                 0.0530             0.3478               0.0945             0.2434               0.0050 zho eng spa rus fra vie jpn deu arb ind tur hin
     8       real 128     0.6878    0.6433   0.6386     0.6459        0.6591        0.6495        0.6441  25.6306            0.1559               6.6545       0.2211    0.4383    1.149600e+00    0.1592     1.2700   1.1477 0.8526 0.6486  0.1475  0.0156  0.0673     0.0924          8       0.0021                NaN              0.2819              0.2619               0.3117                 0.1099                 0.0260             0.3538               0.0980             0.2785               0.0030 zho eng spa fra rus vie jpn arb deu ind tur hin
     8   identity  64     0.5538    0.5726   0.5693     0.5574        0.5558        0.5566        0.5573   3.2145           -0.0076              -0.0509       0.2474    0.6019    6.869587e+11    0.2275     1.2917   0.1249 0.8930 0.8500  2.1891  2.0140  0.0314     0.0325          0       0.0000                NaN              0.0805              0.2164               0.3720                 0.0810                 0.1974             0.4575               0.0435             0.1874               0.0350 zho eng deu ind rus tur fra arb spa vie jpn hin
     8   identity 128     0.6495    0.6933   0.6844     0.6568        0.6533        0.6548        0.6567  19.2033            0.0008               0.0252       0.2284    0.4336    2.843929e+12    0.1659     1.3288   4.7734 1.1771 1.0440  0.3875  2.7772  0.1023     0.1092          1       0.0002                NaN              0.0660              0.2424               0.2973                 0.1304                 0.2899             0.4279               0.0575             0.1978               0.0255 zho eng ind rus deu fra spa vie arb tur jpn hin
     8    abelian  64     0.6133    0.5727   0.5694     0.5567        0.5552        0.5560        0.5567   6.3606            0.2469               3.0415       0.2366    0.6456    3.440604e+10    0.1674     0.9379  -0.0196 0.5075 0.4729 -0.0286 -0.0324  0.0311     0.0337          0       0.0000             0.9999              0.8826              0.4628              -0.1616                 0.8466                 0.4313            -0.1254               0.7641             0.0712               0.3548 ind eng jpn rus zho vie deu spa hin arb fra tur
     8    abelian 128     0.6969    0.6931   0.6844     0.6562        0.6527        0.6544        0.6559  22.1477            0.0636               2.9952       0.2390    0.4229    5.117499e+11    0.1489     1.1960  -0.4148 1.0194 0.8948  0.0080  0.0289  0.1012     0.1099          2       0.0005             0.9999              0.8776              0.4478              -0.0637                 0.6222                 0.3648             0.0001               0.4993             0.1270               0.1419 ind eng jpn rus zho vie deu spa hin arb fra tur
     8 nonabelian  64     0.6132    0.5727   0.5694     0.5986        0.6089        0.6060        0.6017   6.2428            0.3032               2.8961       0.3514    0.5019    9.065000e-01    0.1865     1.0749   1.6160 0.4857 0.4328 -0.0149 -0.0443  0.0307     0.0358          0       0.0000                NaN              0.6457              0.8431              -0.0434                 0.5597                 0.8971             0.2902               0.1199             0.1738               0.0415 eng zho vie rus tur deu fra jpn ind arb hin spa
     8 nonabelian 128     0.6969    0.6931   0.6843     0.6875        0.6959        0.6939        0.6911  22.0568            0.0643               2.8262       0.2712    0.3884    2.250500e+00    0.1510     1.2117   3.0182 1.0212 0.8907  0.0118  0.0147  0.1012     0.1117          2       0.0005                NaN              0.0540              0.2644               0.1398                 0.2299                 0.3158             0.3865               0.0675             0.1993               0.0225 zho eng vie rus deu fra tur ind spa jpn arb hin

==== q3 (40 rows)
 layer      world   m  sh_signal_rot  sh_signal_scale  sh_signal_iso  sh_frac_rot  frac_rot  frac_scale  frac_rot_vs_traceless  iso_frac_of_sym    X_norm2    D_norm2  mean_log_atten  henrici  frac_complex_eig  mean_abs_eig  n_negreal_eig  rho_shift  rho_proc  rho_ridge     rho_expX  rho_expK_rot  rho_expS_scale  rho_iso_scale  rho_polarO  scale_pos_R2  scale_pos_corr_logntok  scale_pos_corr_logsd                                                                                                                           scale_pos
    14       real  64         1.2212           6.7527         4.3671       0.1531    0.3343      0.6657                 0.4386           0.3152    10.4039    10.6888          0.2111   0.2245            0.8007        0.8715              0     0.3431    0.3268     0.2222 2.633000e-01        0.3487    2.910000e-01         0.2857      0.3553           1.0                 -0.9316                0.9980 eng:+0.199 deu:+0.014 fra:+0.089 spa:+0.083 rus:+0.049 hin:-0.499 arb:-0.029 zho:+0.190 jpn:+0.037 tur:-0.173 vie:+0.042 ind:-0.002
    14       real 128         4.7403          18.2844        10.0822       0.2059    0.4149      0.5851                 0.4905           0.2331    39.8154    39.4295          0.2585   0.3291            0.8726        0.8512              4     0.4061    0.3867     0.2693 3.409000e-01        0.4573    5.078000e-01         0.3506      0.4599           1.0                 -0.9298                0.9963 eng:+0.232 deu:+0.030 fra:+0.099 spa:+0.089 rus:+0.053 hin:-0.531 arb:-0.035 zho:+0.199 jpn:+0.022 tur:-0.182 vie:+0.034 ind:-0.010
    14   identity  64         0.1613           0.8324         0.1100       0.1624    0.4988      0.5012                 0.5101           0.0435     4.1413    12.8905          0.2599   0.2114            0.8016        0.8025              0     0.3291    0.3392     0.2867 3.486000e-01        0.3541    3.599000e-01         0.3275      0.3611           1.0                  0.2114                0.9872 eng:+0.012 deu:-0.028 fra:-0.026 spa:-0.014 rus:-0.029 hin:+0.052 arb:-0.010 zho:+0.052 jpn:+0.017 tur:+0.014 vie:-0.020 ind:-0.020
    14   identity 128         1.1406           3.7903         0.2354       0.2313    0.5414      0.4586                 0.5461           0.0187    24.8412    44.0591          0.3164   0.3306            0.8802        0.7723              0     0.3907    0.4147     0.3452 4.474000e-01        0.4736    5.658000e-01         0.3889      0.4763           1.0                  0.1339                0.9836 eng:+0.022 deu:-0.025 fra:-0.029 spa:-0.014 rus:-0.032 hin:+0.049 arb:-0.007 zho:+0.053 jpn:+0.014 tur:+0.018 vie:-0.024 ind:-0.027
    14    abelian  64         2.7177           0.8783         0.1109       0.7558    0.6457      0.3543                 0.6560           0.0432     6.7580    12.8621          0.2601   0.2235            0.8113        0.8011              0     0.3863    0.3393     0.2866 3.484000e-01        0.3544    4.213000e-01         0.3847      0.3612           1.0                  0.2099                0.9875 eng:+0.012 deu:-0.028 fra:-0.027 spa:-0.014 rus:-0.029 hin:+0.053 arb:-0.010 zho:+0.052 jpn:+0.017 tur:+0.015 vie:-0.020 ind:-0.020
    14    abelian 128         3.6684           3.8381         0.2363       0.4887    0.5801      0.4199                 0.5848           0.0187    27.4024    43.8490          0.3163   0.3348            0.8809        0.7716              0     0.4389    0.4147     0.3452 4.467000e-01        0.4735    6.137000e-01         0.4371      0.4759           1.0                  0.1334                0.9840 eng:+0.022 deu:-0.025 fra:-0.029 spa:-0.014 rus:-0.032 hin:+0.049 arb:-0.007 zho:+0.053 jpn:+0.014 tur:+0.018 vie:-0.024 ind:-0.027
    14 nonabelian  64         2.8651           0.8827         0.1103       0.7645    0.6951      0.3049                 0.7049           0.0426     6.9068    12.8627          0.2602   0.2406            0.8447        0.7991              0     0.3868    0.3392     0.2865 3.482000e-01        0.3542    4.218000e-01         0.3851      0.3609           1.0                  0.2216                0.9883 eng:+0.011 deu:-0.028 fra:-0.026 spa:-0.014 rus:-0.029 hin:+0.053 arb:-0.010 zho:+0.051 jpn:+0.017 tur:+0.014 vie:-0.020 ind:-0.020
    14 nonabelian 128         3.8379           3.9297         0.2350       0.4941    0.5867      0.4133                 0.5914           0.0186    27.6096    43.9522          0.3165   0.3405            0.8952        0.7706              0     0.4393    0.4146     0.3450 4.466000e-01        0.4731    6.155000e-01         0.4375      0.4754           1.0                  0.1389                0.9842 eng:+0.022 deu:-0.025 fra:-0.029 spa:-0.014 rus:-0.032 hin:+0.049 arb:-0.007 zho:+0.053 jpn:+0.014 tur:+0.018 vie:-0.024 ind:-0.027
    14    scaling  64         0.2325           2.6182         0.1148       0.0816    0.3529      0.6471                 0.3592           0.0265     6.0850    13.3313          0.2647   0.2203            0.7277        0.8106              0     0.3660    0.3613     0.2808 3.418000e-01        0.3870    3.550000e-01         0.3645      0.3939           1.0                  0.2110                0.9502 eng:+0.012 deu:-0.028 fra:-0.026 spa:-0.014 rus:-0.030 hin:+0.054 arb:-0.010 zho:+0.053 jpn:+0.017 tur:+0.015 vie:-0.021 ind:-0.021
    14    scaling 128         1.1960           5.6081         0.2400       0.1758    0.5045      0.4955                 0.5087           0.0165    27.0793    44.7112          0.3188   0.3359            0.8522        0.7765              0     0.4194    0.4303     0.3377 4.377000e-01        0.4989    5.575000e-01         0.4178      0.5011           1.0                  0.1345                0.9583 eng:+0.022 deu:-0.025 fra:-0.029 spa:-0.014 rus:-0.032 hin:+0.049 arb:-0.007 zho:+0.054 jpn:+0.014 tur:+0.018 vie:-0.024 ind:-0.027
     2       real  64        17.4737          34.3789         8.9035       0.3370    0.5711      0.4289                 0.5766           0.0213  1022.1941  1053.7773          1.1848   0.6968            0.8250        0.4555            172     1.3560    1.2287     0.6973 2.104113e+22        1.5324    2.380689e+57         1.2716      1.4246           1.0                 -0.9512                0.9680 eng:+0.133 deu:-0.004 fra:+0.011 spa:+0.005 rus:+0.068 hin:-0.790 arb:+0.070 zho:+0.299 jpn:+0.116 tur:-0.014 vie:+0.109 ind:-0.005
     2       real 128        23.9626          82.6513        25.8653       0.2248    0.5473      0.4527                 0.5501           0.0112  7428.5209  7267.4589          1.1125   0.7943            0.8893        0.4897            378     1.4372    1.3168     0.7778 2.930378e+16        1.7231   2.588596e+156         1.4195      1.5706           1.0                 -0.9586                0.9645 eng:+0.175 deu:-0.005 fra:+0.014 spa:+0.002 rus:+0.062 hin:-0.943 arb:+0.051 zho:+0.376 jpn:+0.166 tur:-0.012 vie:+0.135 ind:-0.021
     2   identity  64         6.4612          15.9713         0.6556       0.2880    0.6197      0.3803                 0.6230           0.0137   232.9165   325.7254          1.1797   0.6044            0.8227        0.3965             64     1.2512    1.3146     0.8117 1.085070e+02        1.4925    1.064892e+22         1.2346      1.4109           1.0                 -0.3425                0.9438 eng:-0.084 deu:-0.040 fra:-0.066 spa:-0.069 rus:-0.021 hin:-0.082 arb:+0.090 zho:+0.125 jpn:+0.032 tur:+0.077 vie:+0.016 ind:+0.022
     2   identity 128         0.8656          17.5001         1.7896       0.0471    0.5868      0.4132                 0.5877           0.0039 24141.4539 24240.1317          1.1317   0.7287            0.8931        0.4136            242     1.3256    1.4315     0.9002 9.160129e+19        1.6616             inf         1.3092      1.5541           1.0                 -0.5406                0.9312 eng:-0.064 deu:-0.040 fra:-0.069 spa:-0.072 rus:-0.021 hin:-0.128 arb:+0.077 zho:+0.178 jpn:+0.063 tur:+0.050 vie:+0.030 ind:-0.002
     2    abelian  64        29.2891          16.5829         0.6347       0.6385    0.6549      0.3451                 0.6572           0.0097   308.3894   383.2964          1.1840   0.6549            0.8343        0.3846            122     1.3936    1.3166     0.8067 9.737819e+04        1.5365    1.303530e+19         1.3758      1.4092           1.0                 -0.3300                0.9551 eng:-0.079 deu:-0.044 fra:-0.066 spa:-0.071 rus:-0.022 hin:-0.075 arb:+0.089 zho:+0.124 jpn:+0.033 tur:+0.076 vie:+0.013 ind:+0.020
     2    abelian 128        21.3501          21.3350         1.7558       0.5002    0.5931      0.4069                 0.5940           0.0039  1953.3171  2003.7217          1.1303   0.7434            0.9000        0.4084            290     1.4376    1.4325     0.8957 5.002730e+18        1.6818    1.984766e+35         1.4204      1.5503           1.0                 -0.5349                0.9363 eng:-0.062 deu:-0.042 fra:-0.069 spa:-0.074 rus:-0.021 hin:-0.124 arb:+0.077 zho:+0.177 jpn:+0.063 tur:+0.049 vie:+0.028 ind:-0.003
     2 nonabelian  64        21.8786          13.1252         0.6435       0.6250    0.6618      0.3382                 0.6640           0.0097   248.5940   327.9977          1.1862   0.6748            0.8667        0.3793             88     1.3958    1.3166     0.8061 1.265350e+01        1.5181    1.571379e+12         1.3781      1.4037           1.0                 -0.3137                0.9538 eng:-0.083 deu:-0.042 fra:-0.069 spa:-0.069 rus:-0.021 hin:-0.072 arb:+0.090 zho:+0.126 jpn:+0.032 tur:+0.075 vie:+0.014 ind:+0.020
     2 nonabelian 128        20.6188          19.1597         1.7588       0.5183    0.5945      0.4055                 0.5954           0.0038  2747.2001  2778.3104          1.1313   0.7479            0.9091        0.4066            246     1.4388    1.4320     0.8953 1.483891e+37        1.6651   1.046863e+108         1.4215      1.5463           1.0                 -0.5254                0.9362 eng:-0.065 deu:-0.041 fra:-0.070 spa:-0.073 rus:-0.021 hin:-0.122 arb:+0.077 zho:+0.178 jpn:+0.063 tur:+0.048 vie:+0.029 ind:-0.003
     2    scaling  64         6.8845          13.9957         0.6552       0.3297    0.6204      0.3796                 0.6227           0.0098   243.6889   349.3365          1.2090   0.6312            0.8191        0.3988            106     1.2276    1.2290     0.7513 1.520567e+07        1.4722    1.426413e+15         1.2160      1.3606           1.0                 -0.3241                0.9141 eng:-0.085 deu:-0.044 fra:-0.066 spa:-0.069 rus:-0.026 hin:-0.075 arb:+0.088 zho:+0.128 jpn:+0.030 tur:+0.075 vie:+0.017 ind:+0.026
     2    scaling 128        12.6537          24.4492         1.7765       0.3410    0.5901      0.4099                 0.5910           0.0037  2190.6319  2246.4921          1.1349   0.7401            0.8884        0.4158            262     1.2995    1.3504     0.8433 6.315041e+04        1.6426    1.500366e+56         1.2883      1.5134           1.0                 -0.5307                0.9070 eng:-0.065 deu:-0.042 fra:-0.068 spa:-0.073 rus:-0.024 hin:-0.124 arb:+0.076 zho:+0.179 jpn:+0.062 tur:+0.049 vie:+0.031 ind:-0.000
    26       real  64         5.0435          21.3230         8.4865       0.1913    0.3107      0.6893                 0.3625           0.1801    34.8946    32.5346          0.2835   0.3753            0.7623        0.8932              6     0.6072    0.4600     0.2454 5.050000e-01        0.5981    1.372400e+00         0.4849      0.6090           1.0                 -0.9288                0.9908 eng:+0.218 deu:-0.011 fra:+0.100 spa:+0.130 rus:+0.043 hin:-0.723 arb:-0.001 zho:+0.224 jpn:+0.056 tur:-0.224 vie:+0.160 ind:+0.026
    26       real 128        11.5982          47.4607        18.6933       0.1964    0.4055      0.5945                 0.4406           0.1219   144.8520   141.0091          0.3491   0.5109            0.8539        0.8685             30     0.6985    0.5054     0.2866 7.857000e-01        0.8214    4.448871e+03         0.5889      0.7554           1.0                 -0.9404                0.9869 eng:+0.269 deu:+0.007 fra:+0.101 spa:+0.126 rus:+0.049 hin:-0.752 arb:-0.026 zho:+0.249 jpn:+0.047 tur:-0.226 vie:+0.142 ind:+0.014
    26   identity  64         2.2387           8.7653         0.1470       0.2034    0.3368      0.6632                 0.3397           0.0129    16.8771    28.4968          0.3026   0.3057            0.7876        0.8018              4     0.4128    0.4249     0.3184 4.599000e-01        0.4894    8.391000e-01         0.4099      0.4818           1.0                  0.0367                0.9899 eng:+0.027 deu:-0.040 fra:-0.019 spa:-0.005 rus:-0.046 hin:+0.046 arb:-0.011 zho:+0.064 jpn:+0.006 tur:+0.019 vie:-0.009 ind:-0.032
    26   identity 128         6.2118          22.8758         0.3782       0.2136    0.4222      0.5778                 0.4241           0.0081    78.2552    97.7450          0.3618   0.4444            0.8626        0.7778             12     0.4935    0.5195     0.3815 6.901000e-01        0.6855    2.298420e+01         0.4898      0.6252           1.0                 -0.1330                0.9842 eng:+0.048 deu:-0.037 fra:-0.021 spa:-0.009 rus:-0.044 hin:+0.034 arb:-0.018 zho:+0.072 jpn:+0.015 tur:+0.026 vie:-0.020 ind:-0.045
    26    abelian  64        20.1816          10.1040         0.1509       0.6664    0.5894      0.4106                 0.5922           0.0121    36.1580    31.3802          0.3060   0.3373            0.8049        0.7949             26     0.6591    0.4255     0.3171 4.798000e-01        0.5189    1.418000e+00         0.6560      0.4830           1.0                  0.0526                0.9912 eng:+0.027 deu:-0.041 fra:-0.019 spa:-0.006 rus:-0.046 hin:+0.048 arb:-0.010 zho:+0.063 jpn:+0.005 tur:+0.021 vie:-0.010 ind:-0.032
    26    abelian 128        24.7182          23.9206         0.3820       0.5082    0.5114      0.4886                 0.5133           0.0076   102.4199   105.7390          0.3640   0.4585            0.8640        0.7741             34     0.6957    0.5197     0.3801 7.210000e-01        0.7166    7.687300e+00         0.6917      0.6264           1.0                 -0.1210                0.9856 eng:+0.048 deu:-0.038 fra:-0.021 spa:-0.010 rus:-0.045 hin:+0.035 arb:-0.018 zho:+0.071 jpn:+0.014 tur:+0.028 vie:-0.021 ind:-0.045
    26 nonabelian  64        17.0160           9.6635         0.1549       0.6378    0.6273      0.3727                 0.6302           0.0123    33.8871    33.2961          0.3104   0.3624            0.8374        0.7894              2     0.6580    0.4261     0.3165 4.978000e-01        0.5056    4.569400e+00         0.6549      0.4836           1.0                  0.0798                0.9906 eng:+0.026 deu:-0.042 fra:-0.020 spa:-0.005 rus:-0.047 hin:+0.052 arb:-0.010 zho:+0.063 jpn:+0.006 tur:+0.018 vie:-0.009 ind:-0.031
    26 nonabelian 128        24.8079          27.4848         0.3856       0.4744    0.5166      0.4834                 0.5185           0.0075   103.2480   110.0548          0.3667   0.4686            0.8750        0.7708              8     0.6948    0.5202     0.3796 8.175000e-01        0.7049    1.321140e+01         0.6907      0.6245           1.0                 -0.1015                0.9874 eng:+0.047 deu:-0.038 fra:-0.022 spa:-0.009 rus:-0.045 hin:+0.038 arb:-0.018 zho:+0.072 jpn:+0.015 tur:+0.026 vie:-0.020 ind:-0.045
    26    scaling  64         4.5056          16.2359         0.1693       0.2172    0.3033      0.6967                 0.3051           0.0086    28.0942    35.6829          0.3287   0.3445            0.6951        0.8300              4     0.5354    0.4867     0.2894 4.283000e-01        0.6231    1.059100e+00         0.5334      0.5996           1.0                  0.0892                0.8489 eng:+0.027 deu:-0.043 fra:-0.024 spa:-0.007 rus:-0.048 hin:+0.055 arb:-0.011 zho:+0.066 jpn:+0.005 tur:+0.018 vie:-0.004 ind:-0.033
    26    scaling 128        11.0899          31.2425         0.3973       0.2620    0.4168      0.5832                 0.4185           0.0069   103.7791   119.3044          0.3749   0.4653            0.8269        0.7925             12     0.5850    0.5572     0.3460 2.252800e+00        0.8001    1.559501e+04         0.5824      0.7130           1.0                 -0.1013                0.9018 eng:+0.048 deu:-0.039 fra:-0.024 spa:-0.010 rus:-0.045 hin:+0.039 arb:-0.018 zho:+0.073 jpn:+0.014 tur:+0.025 vie:-0.018 ind:-0.045
     8       real  64         2.7647          12.1057         6.6857       0.1859    0.3821      0.6179                 0.4610           0.2413    20.8576    28.0111          0.3536   0.3064            0.7969        0.7988              4     0.5884    0.5470     0.3501 4.599000e-01        0.6003    5.773000e-01         0.5024      0.6053           1.0                 -0.9312                0.9954 eng:+0.218 deu:+0.032 fra:+0.102 spa:+0.097 rus:+0.085 hin:-0.642 arb:-0.018 zho:+0.214 jpn:+0.041 tur:-0.191 vie:+0.058 ind:+0.003
     8       real 128         7.9690          29.6209        13.4467       0.2120    0.4866      0.5134                 0.5337           0.1524    89.5336   103.4145          0.4482   0.4367            0.8743        0.7556             20     0.6878    0.6433     0.4264 6.336000e-01        0.7812    5.066100e+00         0.6135      0.7563           1.0                 -0.9349                0.9935 eng:+0.234 deu:+0.040 fra:+0.104 spa:+0.096 rus:+0.089 hin:-0.648 arb:-0.021 zho:+0.207 jpn:+0.026 tur:-0.171 vie:+0.040 ind:+0.002
     8   identity  64         0.3578           2.0917         0.1339       0.1461    0.5189      0.4811                 0.5260           0.0274     8.7319    27.4901          0.4221   0.2845            0.8026        0.7023              0     0.5538    0.5726     0.4465 5.917000e-01        0.5973    6.323000e-01         0.5508      0.6049           1.0                  0.1776                0.9901 eng:+0.002 deu:-0.033 fra:-0.033 spa:-0.013 rus:-0.033 hin:+0.051 arb:-0.000 zho:+0.062 jpn:+0.019 tur:+0.020 vie:-0.022 ind:-0.021
     8   identity 128         1.4578           6.7808         0.2180       0.1769    0.5838      0.4162                 0.5861           0.0097    54.8532    98.5285          0.5108   0.4189            0.8874        0.6630              4     0.6495    0.6933     0.5325 4.071230e+01        0.7772    6.715788e+03         0.6466      0.7650           1.0                  0.0292                0.9730 eng:+0.004 deu:-0.028 fra:-0.035 spa:-0.015 rus:-0.030 hin:+0.030 arb:+0.008 zho:+0.059 jpn:+0.015 tur:+0.030 vie:-0.019 ind:-0.020
     8    abelian  64         3.6504           2.1531         0.1345       0.6290    0.6239      0.3761                 0.6305           0.0273    12.0892    27.2941          0.4218   0.3000            0.8198        0.7002              0     0.6133    0.5727     0.4465 5.911000e-01        0.5973    6.969000e-01         0.6102      0.6051           1.0                  0.1785                0.9907 eng:+0.002 deu:-0.033 fra:-0.033 spa:-0.013 rus:-0.033 hin:+0.051 arb:+0.000 zho:+0.062 jpn:+0.019 tur:+0.020 vie:-0.021 ind:-0.021
     8    abelian 128         4.5115           6.9104         0.2186       0.3950    0.6072      0.3928                 0.6095           0.0097    56.4122    96.5531          0.5105   0.4246            0.8945        0.6620              4     0.6969    0.6931     0.5324 8.795000e-01        0.7773    5.224900e+00         0.6941      0.7646           1.0                  0.0308                0.9736 eng:+0.004 deu:-0.028 fra:-0.036 spa:-0.015 rus:-0.030 hin:+0.031 arb:+0.008 zho:+0.060 jpn:+0.015 tur:+0.030 vie:-0.018 ind:-0.020
     8 nonabelian  64         3.6445           2.1905         0.1381       0.6246    0.6466      0.3534                 0.6532           0.0276    12.1035    27.3873          0.4223   0.3169            0.8482        0.6978              0     0.6132    0.5727     0.4462 5.904000e-01        0.5972    7.004000e-01         0.6101      0.6046           1.0                  0.1835                0.9912 eng:+0.002 deu:-0.033 fra:-0.033 spa:-0.013 rus:-0.033 hin:+0.052 arb:-0.000 zho:+0.063 jpn:+0.019 tur:+0.021 vie:-0.022 ind:-0.022
     8 nonabelian 128         4.9774           7.1477         0.2214       0.4105    0.6088      0.3912                 0.6112           0.0099    56.2043    96.2076          0.5107   0.4293            0.8986        0.6610              4     0.6969    0.6931     0.5322 8.489000e-01        0.7765    3.901900e+00         0.6940      0.7641           1.0                  0.0342                0.9746 eng:+0.004 deu:-0.028 fra:-0.036 spa:-0.015 rus:-0.030 hin:+0.031 arb:+0.008 zho:+0.060 jpn:+0.015 tur:+0.030 vie:-0.019 ind:-0.020
     8    scaling  64         0.5510           3.8380         0.1393       0.1255    0.4431      0.5569                 0.4484           0.0209    10.8604    28.7585          0.4302   0.2940            0.7642        0.7076              0     0.5791    0.5824     0.4352 5.782000e-01        0.6172    6.260000e-01         0.5766      0.6248           1.0                  0.1893                0.9639 eng:+0.002 deu:-0.034 fra:-0.033 spa:-0.014 rus:-0.033 hin:+0.053 arb:-0.000 zho:+0.062 jpn:+0.020 tur:+0.020 vie:-0.022 ind:-0.023
     8    scaling 128         1.9748           8.9131         0.2222       0.1814    0.5685      0.4315                 0.5707           0.0090    54.9614    97.0757          0.5144   0.4242            0.8701        0.6660              4     0.6658    0.6962     0.5196 7.653000e-01        0.7908    1.566300e+00         0.6634      0.7770           1.0                  0.0385                0.9496 eng:+0.004 deu:-0.028 fra:-0.036 spa:-0.016 rus:-0.030 hin:+0.031 arb:+0.008 zho:+0.059 jpn:+0.016 tur:+0.030 vie:-0.018 ind:-0.021

==== positions (384 rows)
 layer      world   m lang  theta1  theta2a  theta2b
    14       real  64  eng -0.3867  -0.4608  -0.0805
    14       real  64  deu  0.1607   0.0621   0.1361
    14       real  64  fra -0.0655  -0.2075   0.1779
    14       real  64  spa -0.0794  -0.2230   0.1604
    14       real  64  rus -0.0637  -0.1619   0.0725
    14       real  64  hin  0.8437   0.8258   0.0111
    14       real  64  arb  0.0946  -0.0511   0.2098
    14       real  64  zho -0.5211  -0.3812  -0.5123
    14       real  64  jpn  0.0198   0.1773  -0.5219
    14       real  64  tur  0.5784   0.6054  -0.1244
    14       real  64  vie -0.0137  -0.1653   0.1964
    14       real  64  ind  0.1336  -0.0345   0.3007
    14       real 128  eng -0.7511  -0.8215  -0.2484
    14       real 128  deu  0.2214   0.1187   0.2131
    14       real 128  fra -0.2418  -0.4500   0.2934
    14       real 128  spa -0.2657  -0.4708   0.2853
    14       real 128  rus -0.1457  -0.2919   0.1608
    14       real 128  hin  1.5919   1.5953   0.1933
    14       real 128  arb  0.0336  -0.1735   0.4361
    14       real 128  zho -0.8008  -0.5570  -0.9048
    14       real 128  jpn  0.2571   0.4807  -0.8682
    14       real 128  tur  1.1079   1.1603  -0.1934
    14       real 128  vie -0.1832  -0.3821   0.2971
    14       real 128  ind  0.0301  -0.1924   0.4699
    14   identity  64  eng -0.1303  -0.0878   0.1241
    14   identity  64  deu -0.0357  -0.0244   0.0411
    14   identity  64  fra -0.0199  -0.0070   0.0492
    14   identity  64  spa  0.0262   0.0616   0.0760
    14   identity  64  rus -0.0266  -0.0138   0.0517
    14   identity  64  hin  0.3090   0.2673  -0.3142
    14   identity  64  arb -0.0278   0.0050   0.0533
    14   identity  64  zho -0.4610  -0.5047  -0.1770
    14   identity  64  jpn  0.1112   0.1442   0.0959
    14   identity  64  tur  0.0018  -0.0023   0.0016
    14   identity  64  vie  0.0216   0.0332   0.0556
    14   identity  64  ind -0.0076   0.0340   0.0623
    14   identity 128  eng -0.1830  -0.2669   0.3579
    14   identity 128  deu  0.0127  -0.0445   0.1209
    14   identity 128  fra  0.0084  -0.0611   0.1351
    14   identity 128  spa  0.0200  -0.0308   0.1656
    14   identity 128  rus -0.0231  -0.0690   0.1436
    14   identity 128  hin  0.5298   0.5681  -0.5676
    14   identity 128  arb -0.0352  -0.0632   0.1376
    14   identity 128  zho -0.8668  -0.8685  -0.5011
    14   identity 128  jpn  0.1079   0.0578   0.2259
    14   identity 128  tur  0.0370  -0.0030   0.1811
    14   identity 128  vie  0.0044  -0.0419   0.1457
    14   identity 128  ind  0.0166  -0.0301   0.1651
    14    abelian  64  eng -0.9914  -0.9915  -0.0561
    14    abelian  64  deu  0.1136   0.1131  -0.0312
    14    abelian  64  fra  0.9705   0.9694  -0.0539
    14    abelian  64  spa  0.3316   0.3336   0.0213
    14    abelian  64  rus -0.5403  -0.5393   0.0124
    14    abelian  64  hin  0.5551   0.5653   0.2383
    14    abelian  64  arb  0.7648   0.7635  -0.0757
    14    abelian  64  zho -0.3462  -0.3596  -0.3580
    14    abelian  64  jpn -0.7676  -0.7598   0.1922
    14    abelian  64  tur  1.2098   1.2077  -0.0877
    14    abelian  64  vie -0.0994  -0.0958   0.0413
    14    abelian  64  ind -1.1997  -1.1973   0.0675
    14    abelian 128  eng -1.0832  -1.0827  -0.1054
    14    abelian 128  deu  0.1160   0.1175  -0.0130
    14    abelian 128  fra  1.0338   1.0178  -0.0835
    14    abelian 128  spa  0.3484   0.3456  -0.0285
    14    abelian 128  rus -0.5854  -0.5761  -0.0033
    14    abelian 128  hin  0.5965   0.6663   0.4476
    14    abelian 128  arb  0.8174   0.7948  -0.1205
    14    abelian 128  zho -0.3843  -0.4871  -0.6813
    14    abelian 128  jpn -0.8357  -0.7868   0.2194
    14    abelian 128  tur  1.3025   1.2652  -0.1680
    14    abelian 128  vie -0.1144  -0.1068   0.0118
    14    abelian 128  ind -1.2942  -1.2650   0.0912
    14 nonabelian  64  eng -0.5180  -0.5453  -0.0422
    14 nonabelian  64  deu -0.0483  -0.0339  -0.1353
    14 nonabelian  64  fra -0.1424  -0.0560  -0.0353
    14 nonabelian  64  spa  0.5481   0.4939   0.2506
    14 nonabelian  64  rus -0.2053  -0.1321  -0.1002
    14 nonabelian  64  hin  0.2709   0.2049  -0.2187
    14 nonabelian  64  arb  0.2235   0.1308  -0.4040
    14 nonabelian  64  zho -0.1753  -0.0190   0.4904
    14 nonabelian  64  jpn  0.0090  -0.0753  -0.2121
    14 nonabelian  64  tur -0.0274  -0.0766   0.1491
    14 nonabelian  64  vie -0.2432  -0.1740   0.2798
    14 nonabelian  64  ind  0.2581   0.2074  -0.0473
    14 nonabelian 128  eng -0.4432  -0.5357   0.3645
    14 nonabelian 128  deu  0.0379   0.0573   0.0437
    14 nonabelian 128  fra  0.0146  -0.0074   0.3007
    14 nonabelian 128  spa  0.2846   0.4843  -0.5335
    14 nonabelian 128  rus -0.0644   0.0027   0.1152
    14 nonabelian 128  hin  0.6119   0.5523   0.2310
    14 nonabelian 128  arb  0.4876   0.4521   0.2812
    14 nonabelian 128  zho -0.6340  -0.3216  -0.6570
    14 nonabelian 128  jpn  0.1606   0.0630   0.2827
    14 nonabelian 128  tur -0.1436  -0.1757  -0.0627
    14 nonabelian 128  vie -0.3411  -0.3693  -0.0091
    14 nonabelian 128  ind  0.2036   0.3059  -0.2835
     2       real  64  eng -1.4787  -1.9242  -0.0122
     2       real  64  deu  0.0835  -0.1081   0.4044
     2       real  64  fra -0.2777  -0.7034   0.4685
     2       real  64  spa -0.2794  -0.6809   0.3979
     2       real  64  rus -0.3016  -0.3435  -0.0592
     2       real  64  hin  4.3664   4.2780  -0.8589
     2       real  64  arb  0.2288   0.7608  -0.5638
     2       real  64  zho -2.0714  -1.8840  -1.0268
     2       real  64  jpn -1.0923  -0.3984  -2.0489
     2       real  64  tur  1.5440   1.5280   1.5215
     2       real  64  vie -0.4884  -1.0437   0.4605
     2       real  64  ind  0.6208   0.1043   1.0077
     2       real 128  eng -2.1152  -2.6271   0.5955
     2       real 128  deu -0.0832  -0.4691  -0.6434
     2       real 128  fra -0.5536  -1.2390  -0.5010
     2       real 128  spa -0.5587  -1.2383  -0.4846
     2       real 128  rus -0.5418  -0.5262   0.0220
     2       real 128  hin  6.9148   6.7911   1.2742
     2       real 128  arb  1.1888   1.6856  -0.1543
     2       real 128  zho -2.9891  -2.6027   2.0278
     2       real 128  jpn -1.2633  -0.3352   2.5858
     2       real 128  tur  1.6707   1.6633  -2.6793
     2       real 128  vie -0.7808  -1.4581  -0.1723
     2       real 128  ind  0.1405  -0.8451  -2.0749
     2   identity  64  eng -0.3512  -0.5096   0.3037
     2   identity  64  deu -0.0417  -0.1407   0.0239
     2   identity  64  fra -0.1272  -0.1781   0.0366
     2   identity  64  spa -0.0386  -0.1116   0.0851
     2   identity  64  rus -0.2348  -0.3619   0.2318
     2   identity  64  hin  0.0974   0.0432   0.2009
     2   identity  64  arb  0.5577   0.7011  -1.0235
     2   identity  64  zho -0.7678  -0.5794  -0.4973
     2   identity  64  jpn  0.0987  -0.0519   0.3473
     2   identity  64  tur  1.2603   1.1454   0.4543
     2   identity  64  vie  0.0336  -0.0742   0.0979
     2   identity  64  ind -0.2930  -0.2917   0.1254
     2   identity 128  eng -1.0402  -1.0992   0.4823
     2   identity 128  deu -0.1235  -0.2089   0.1320
     2   identity 128  fra -0.1582  -0.3074   0.0831
     2   identity 128  spa -0.1607  -0.1824   0.1412
     2   identity 128  rus -0.4280  -0.6336   0.2689
     2   identity 128  hin -0.1493  -0.2917   0.2407
     2   identity 128  arb  1.6781   1.8288  -1.5513
     2   identity 128  zho -1.9868  -1.9235  -1.3949
     2   identity 128  jpn  0.5973   0.3934   0.6997
     2   identity 128  tur  0.8141   0.6449   1.0262
     2   identity 128  vie  0.0718   0.0431   0.0612
     2   identity 128  ind -0.3600  -0.5216   0.2990
     2    abelian  64  eng -2.8959  -2.9098   0.2826
     2    abelian  64  deu  0.3626   0.3772  -0.0721
     2    abelian  64  fra  2.9343   2.9354   0.0071
     2    abelian  64  spa  1.0154   1.0289  -0.0618
     2    abelian  64  rus -1.6392  -1.6357   0.0960
     2    abelian  64  hin  1.6609   1.6658  -0.0036
     2    abelian  64  arb  2.3009   2.3143  -0.1195
     2    abelian  64  zho -0.9801  -0.9216  -0.4921
     2    abelian  64  jpn -2.3054  -2.2947   0.0571
     2    abelian  64  tur  3.5908   3.5538   0.3600
     2    abelian  64  vie -0.3154  -0.3057  -0.0124
     2    abelian  64  ind -3.5186  -3.5278   0.2787
     2    abelian 128  eng -3.7026  -3.6911  -0.0042
     2    abelian 128  deu  0.4127   0.4260  -0.0605
     2    abelian 128  fra  3.6472   3.6411   0.0797
     2    abelian 128  spa  1.2381   1.2495  -0.0548
     2    abelian 128  rus -2.0968  -2.1038   0.1113
     2    abelian 128  hin  2.0422   2.0402   0.0519
     2    abelian 128  arb  2.8917   2.9353  -0.3345
     2    abelian 128  zho -1.2863  -1.5314   1.6711
     2    abelian 128  jpn -2.9686  -2.8518  -0.6418
     2    abelian 128  tur  4.5291   4.5389  -0.1019
     2    abelian 128  vie -0.4358  -0.3845  -0.2785
     2    abelian 128  ind -4.5100  -4.4614  -0.2220
     2 nonabelian  64  eng -0.3376  -0.5254  -0.6711
     2 nonabelian  64  deu  0.1780   0.3126   0.2982
     2 nonabelian  64  fra -0.2236  -0.3710  -0.1409
     2 nonabelian  64  spa  0.3986   0.6395   1.1097
     2 nonabelian  64  rus -0.0746  -0.4242  -1.2999
     2 nonabelian  64  hin  0.7376   0.8498  -0.3807
     2 nonabelian  64  arb  0.9826   0.9932  -0.0731
     2 nonabelian  64  zho -0.8564  -1.0464  -0.0708
     2 nonabelian  64  jpn  0.1020   0.2741   0.3439
     2 nonabelian  64  tur -0.0322   0.1656   0.2135
     2 nonabelian  64  vie -1.5631  -1.2935   1.0484
     2 nonabelian  64  ind  0.3958   0.3692  -0.0774
     2 nonabelian 128  eng -1.0926  -1.2491  -1.0915
     2 nonabelian 128  deu  0.3636   0.8200   0.3383
     2 nonabelian 128  fra -0.3210   0.0783   0.4868
     2 nonabelian 128  spa  0.5570   1.5099   1.0306
     2 nonabelian 128  rus -0.7187  -1.2073  -0.8942
     2 nonabelian 128  hin  0.7269   0.9178  -0.4513
     2 nonabelian 128  arb  1.3273   1.1154  -1.0791
     2 nonabelian 128  zho -2.2128  -1.3511   1.3227
     2 nonabelian 128  jpn  0.7635   0.4559  -0.3744
     2 nonabelian 128  tur  0.1685   0.5899   0.0772
     2 nonabelian 128  vie -0.7137  -0.5776   0.9064
     2 nonabelian 128  ind -0.0105  -0.1494  -0.5474
    26       real  64  eng -1.1125  -1.3668  -0.4674
    26       real  64  deu  0.3776   0.3056  -0.4788
    26       real  64  fra  0.0730  -0.0952  -1.3855
    26       real  64  spa  0.1014  -0.0472  -0.8044
    26       real  64  rus  0.0624   0.0365   0.0345
    26       real  64  hin  0.9416   0.8656   0.8170
    26       real  64  arb  0.1483   0.1226   0.2567
    26       real  64  zho -1.5659  -1.4232   0.6264
    26       real  64  jpn -0.6627  -0.2199   1.2399
    26       real  64  tur  1.6528   1.6737   0.2430
    26       real  64  vie -0.1536  -0.1957   0.0907
    26       real  64  ind  0.2200   0.1669  -0.3659
    26       real 128  eng -2.1520  -2.5989  -0.1048
    26       real 128  deu  0.4008   0.0865   1.0649
    26       real 128  fra -0.3538  -1.2627   1.6435
    26       real 128  spa -0.3400  -0.7749   1.2275
    26       real 128  rus  0.1504  -0.0650   0.1473
    26       real 128  hin  2.1272   2.1832  -0.5160
    26       real 128  arb  0.3450   0.2455   0.0053
    26       real 128  zho -1.8434  -1.4700  -2.3083
    26       real 128  jpn  0.2609   1.0919  -2.2150
    26       real 128  tur  2.5714   2.6215   0.5122
    26       real 128  vie -0.0800  -0.0158  -0.5751
    26       real 128  ind  0.2773   0.0876   0.3010
    26   identity  64  eng -0.3791  -0.3399   0.1220
    26   identity  64  deu  0.0329   0.0380   0.0324
    26   identity  64  fra -0.0081   0.0060   0.0610
    26   identity  64  spa  0.2131   0.2618   0.1908
    26   identity  64  rus -0.0015   0.0033   0.0443
    26   identity  64  hin  0.1898   0.1590   0.0576
    26   identity  64  arb  0.0246   0.0310   0.0503
    26   identity  64  zho -0.4819  -0.4475  -0.1990
    26   identity  64  jpn  0.1381   0.1201   0.0192
    26   identity  64  tur  0.2013   0.2024  -0.4694
    26   identity  64  vie  0.0281   0.0463   0.0337
    26   identity  64  ind  0.1281   0.1196   0.0568
    26   identity 128  eng -0.9429  -1.0630   0.1524
    26   identity 128  deu  0.0791  -0.0503   0.0969
    26   identity 128  fra  0.0193  -0.1347   0.0700
    26   identity 128  spa  0.1353  -0.0455   0.1214
    26   identity 128  rus  0.0071  -0.1010   0.0954
    26   identity 128  hin  0.4418   0.2940   0.2200
    26   identity 128  arb  0.0411  -0.0909   0.1275
    26   identity 128  zho -0.4077   0.1483  -1.2269
    26   identity 128  jpn  0.2392   0.0516   0.1918
    26   identity 128  tur  0.7983   0.8046   0.2462
    26   identity 128  vie  0.0059  -0.1382   0.0807
    26   identity 128  ind  0.0083  -0.0977   0.1106
    26    abelian  64  eng -2.6342  -2.6330  -0.2517
    26    abelian  64  deu  0.2867   0.2873   0.0165
    26    abelian  64  fra  2.6021   2.6010  -0.1258
    26    abelian  64  spa  0.8863   0.8875   0.1814
    26    abelian  64  rus -1.4495  -1.4481   0.0152
    26    abelian  64  hin  1.4761   1.4764   0.0964
    26    abelian  64  arb  2.0393   2.0389  -0.0092
    26    abelian  64  zho -0.8663  -0.8678  -0.3124
    26    abelian  64  jpn -2.0255  -2.0227   0.1184
    26    abelian  64  tur  3.1966   3.1956  -0.0286
    26    abelian  64  vie -0.2904  -0.2895  -0.0001
    26    abelian  64  ind -3.2054  -3.2010   0.2976
    26    abelian 128  eng -2.9267  -2.9188   0.1473
    26    abelian 128  deu  0.3098   0.3166  -0.0581
    26    abelian 128  fra  2.8684   2.8575   0.0776
    26    abelian 128  spa  0.9714   0.9779  -0.1056
    26    abelian 128  rus -1.6062  -1.5925  -0.0571
    26    abelian 128  hin  1.6293   1.6384  -0.2089
    26    abelian 128  arb  2.2454   2.2404   0.0253
    26    abelian 128  zho -0.9677  -1.0220   1.0470
    26    abelian 128  jpn -2.2470  -2.2117  -0.3338
    26    abelian 128  tur  3.5337   3.5247  -0.0027
    26    abelian 128  vie -0.3296  -0.3194  -0.0724
    26    abelian 128  ind -3.5474  -3.5175  -0.2409
    26 nonabelian  64  eng -0.9563  -1.0907  -0.1955
    26 nonabelian  64  deu  0.2854   0.2745  -0.4180
    26 nonabelian  64  fra  0.1428   0.3992   0.7213
    26 nonabelian  64  spa  1.1363   1.0768  -0.1543
    26 nonabelian  64  rus -0.4762  -0.5272   0.0419
    26 nonabelian  64  hin  0.3781   0.1778  -0.1775
    26 nonabelian  64  arb  0.3208   0.1381  -0.5503
    26 nonabelian  64  zho -0.2658  -0.2216  -0.0302
    26 nonabelian  64  jpn  0.0396   0.3027   0.2101
    26 nonabelian  64  tur  0.0606   0.1045   0.1401
    26 nonabelian  64  vie -0.5415  -0.1651   1.0470
    26 nonabelian  64  ind  0.1815  -0.0711  -0.6193
    26 nonabelian 128  eng -1.0398  -1.0997   0.0935
    26 nonabelian 128  deu  0.2767   0.2847   0.1981
    26 nonabelian 128  fra  0.0143   0.0892  -0.0230
    26 nonabelian 128  spa  1.3283   1.3129  -0.5933
    26 nonabelian 128  rus -0.1961  -0.2613  -0.0462
    26 nonabelian 128  hin  0.4808   0.4551   0.7184
    26 nonabelian 128  arb  0.2474   0.2494   0.8171
    26 nonabelian 128  zho -0.2179   0.0968  -1.3027
    26 nonabelian 128  jpn -0.1653  -0.2196   0.4030
    26 nonabelian 128  tur -0.0255  -0.1922  -0.0207
    26 nonabelian 128  vie -0.8239  -0.7475  -0.4927
    26 nonabelian 128  ind  0.5108   0.4614   0.2229
     8       real  64  eng -0.6175  -0.7365  -0.0777
     8       real  64  deu  0.1532   0.0517   0.2541
     8       real  64  fra -0.1574  -0.3259   0.2871
     8       real  64  spa -0.1960  -0.3740   0.2579
     8       real  64  rus -0.1601  -0.2547   0.0847
     8       real  64  hin  1.1960   1.2882   0.0208
     8       real  64  arb  0.1551   0.0501   0.2561
     8       real  64  zho -0.7815  -0.6251  -0.6723
     8       real  64  jpn  0.0757   0.2650  -0.7870
     8       real  64  tur  0.7611   0.8191  -0.1503
     8       real  64  vie -0.1268  -0.2303   0.1898
     8       real  64  ind  0.1820   0.0801   0.4167
     8       real 128  eng -1.0553  -1.3162  -0.2859
     8       real 128  deu  0.2004   0.0076   0.3428
     8       real 128  fra -0.2839  -0.6389   0.4710
     8       real 128  spa -0.3205  -0.6843   0.4384
     8       real 128  rus -0.2328  -0.4443   0.1733
     8       real 128  hin  2.2936   2.4141   0.0749
     8       real 128  arb  0.1895  -0.0306   0.5921
     8       real 128  zho -1.3061  -1.0287  -1.2162
     8       real 128  jpn  0.1530   0.4961  -1.3274
     8       real 128  tur  1.5101   1.5961  -0.2631
     8       real 128  vie -0.1962  -0.4258   0.3366
     8       real 128  ind  0.2417   0.0278   0.7164
     8   identity  64  eng -0.1670  -0.2088  -0.2296
     8   identity  64  deu -0.0348  -0.0587  -0.0962
     8   identity  64  fra  0.0310  -0.0045  -0.0566
     8   identity  64  spa  0.1028   0.0777  -0.0104
     8   identity  64  rus  0.0157  -0.0237  -0.1195
     8   identity  64  hin  0.2776   0.3345   0.2664
     8   identity  64  arb  0.0346   0.0088  -0.0581
     8   identity  64  zho -0.6377  -0.5840   0.3136
     8   identity  64  jpn  0.2203   0.1979  -0.0540
     8   identity  64  tur  0.0247  -0.0384  -0.1489
     8   identity  64  vie  0.1030   0.0779  -0.1133
     8   identity  64  ind -0.0216  -0.0531  -0.0514
     8   identity 128  eng -0.3484  -0.6290   0.5785
     8   identity 128  deu -0.0136  -0.1545   0.1104
     8   identity 128  fra  0.0189  -0.1020   0.1085
     8   identity 128  spa  0.0860  -0.0371   0.0439
     8   identity 128  rus -0.0151  -0.1855   0.1745
     8   identity 128  hin  0.5716   0.7441  -0.3273
     8   identity 128  arb  0.0971   0.0253  -0.0182
     8   identity 128  zho -1.0506  -0.6758  -1.0300
     8   identity 128  jpn  0.3489   0.1825   0.2412
     8   identity 128  tur  0.1638   0.0357   0.1763
     8   identity 128  vie  0.0934  -0.0257   0.1049
     8   identity 128  ind -0.0446  -0.1876   0.1359
     8    abelian  64  eng -1.1336  -1.1360  -0.1486
     8    abelian  64  deu  0.1367   0.1354  -0.0575
     8    abelian  64  fra  1.1189   1.1183  -0.0272
     8    abelian  64  spa  0.3887   0.3916   0.0119
     8    abelian  64  rus -0.6209  -0.6143   0.0520
     8    abelian  64  hin  0.6139   0.6304   0.2577
     8    abelian  64  arb  0.8933   0.8927   0.0006
     8    abelian  64  zho -0.3814  -0.4014  -0.3676
     8    abelian  64  jpn -0.8950  -0.8711   0.3281
     8    abelian  64  tur  1.3706   1.3591  -0.1554
     8    abelian  64  vie -0.1333  -0.1260   0.0928
     8    abelian  64  ind -1.3688  -1.3629   0.0376
     8    abelian 128  eng -1.2873  -1.2884  -0.0398
     8    abelian 128  deu  0.1325   0.1224   0.0030
     8    abelian 128  fra  1.2219   1.2133   0.0020
     8    abelian 128  spa  0.4132   0.4068  -0.0107
     8    abelian 128  rus -0.7093  -0.7113  -0.0735
     8    abelian 128  hin  0.6781   0.7006  -0.4642
     8    abelian 128  arb  0.9853   0.9738  -0.0085
     8    abelian 128  zho -0.4478  -0.5228   0.9561
     8    abelian 128  jpn -1.0212  -0.9964  -0.3830
     8    abelian 128  tur  1.5221   1.4959   0.1532
     8    abelian 128  vie -0.1655  -0.1698  -0.0672
     8    abelian 128  ind -1.5390  -1.5443  -0.0306
     8 nonabelian  64  eng -0.5152  -0.5401   0.1219
     8 nonabelian  64  deu -0.0069   0.0391  -0.4218
     8 nonabelian  64  fra  0.0450  -0.0365   0.1095
     8 nonabelian  64  spa  0.5813   0.5063  -0.2892
     8 nonabelian  64  rus -0.1532  -0.0418   0.3150
     8 nonabelian  64  hin  0.4200   0.4111   0.3621
     8 nonabelian  64  arb  0.2296   0.1986  -0.0856
     8 nonabelian  64  zho -0.3058  -0.2891  -0.4883
     8 nonabelian  64  jpn  0.1424   0.1265   0.1753
     8 nonabelian  64  tur -0.0222  -0.0283  -0.0195
     8 nonabelian  64  vie -0.2197  -0.2420   0.2122
     8 nonabelian  64  ind  0.1637   0.2242  -0.0640
     8 nonabelian 128  eng -0.4562  -0.5880   0.6216
     8 nonabelian 128  deu -0.0798   0.0034  -0.1017
     8 nonabelian 128  fra -0.0092   0.0714  -0.0546
     8 nonabelian 128  spa  0.2863   0.4679  -0.7049
     8 nonabelian 128  rus -0.0822  -0.1658   0.1745
     8 nonabelian 128  hin  0.8111   0.8536   0.0591
     8 nonabelian 128  arb  0.3820   0.4215   0.1605
     8 nonabelian 128  zho -1.1343  -0.9546  -0.7230
     8 nonabelian 128  jpn  0.3276   0.2057   0.3600
     8 nonabelian 128  tur  0.1575   0.1431   0.1884
     8 nonabelian 128  vie -0.2080  -0.2592   0.2236
     8 nonabelian 128  ind  0.1785   0.2237  -0.1191

==== position confounds
 layer      world   m  corr_theta1_scalepos  corr_theta1_logntok  corr_scalepos_logntok  phi_sv1  phi_sv2
    14       real  64                 0.952                0.852                 -0.932    0.581    0.263
    14       real 128                 0.953                0.835                 -0.930    0.586    0.222
    14   identity  64                 0.095                0.786                  0.211    0.440    0.216
    14   identity 128                 0.216                0.779                  0.134    0.322    0.221
    14    abelian  64                 0.016                0.393                  0.210    0.941    0.027
    14    abelian 128                 0.028                0.396                  0.133    0.793    0.065
    14 nonabelian  64                 0.002                0.491                  0.222    0.188    0.156
    14 nonabelian 128                 0.142                0.741                  0.139    0.183    0.151
     2       real  64                 0.934                0.932                 -0.951    0.566    0.151
     2       real 128                 0.954                0.952                 -0.959    0.484    0.175
     2   identity  64                 0.222                0.295                 -0.343    0.351    0.201
     2   identity 128                 0.024                0.308                 -0.541    0.278    0.179
     2    abelian  64                 0.035                0.389                 -0.330    0.962    0.015
     2    abelian 128                 0.114                0.388                 -0.535    0.895    0.035
     2 nonabelian  64                 0.141                0.511                 -0.314    0.190    0.156
     2 nonabelian 128                 0.326                0.537                 -0.525    0.177    0.146
    26       real  64                 0.696                0.656                 -0.929    0.373    0.227
    26       real 128                 0.828                0.742                 -0.940    0.371    0.232
    26   identity  64                 0.418                0.615                  0.037    0.304    0.193
    26   identity 128                 0.236                0.610                 -0.133    0.196    0.157
    26    abelian  64                 0.107                0.390                  0.053    0.987    0.005
    26    abelian 128                 0.029                0.391                 -0.121    0.924    0.016
    26 nonabelian  64                 0.114                0.410                  0.080    0.190    0.154
    26 nonabelian 128                 0.284                0.430                 -0.102    0.170    0.144
     8       real  64                 0.936                0.853                 -0.931    0.610    0.236
     8       real 128                 0.942                0.857                 -0.935    0.564    0.216
     8   identity  64                 0.301                0.642                  0.178    0.390    0.199
     8   identity 128                 0.293                0.717                  0.029    0.275    0.227
     8    abelian  64                 0.067                0.386                  0.178    0.931    0.029
     8    abelian 128                 0.088                0.389                  0.031    0.754    0.068
     8 nonabelian  64                 0.011                0.617                  0.184    0.198    0.147
     8 nonabelian 128                 0.193                0.765                  0.034    0.212    0.139
