dev ntok match: 1.0 max diff 0
devtest ntok match: 1.0 max diff 0
vocab class sizes {'latin': np.int64(94484), 'cyril': np.int64(4144), 'deva': np.int64(56), 'arab': np.int64(3979), 'han': np.int64(25722), 'kana': np.int64(1736), 'other_letter': np.int64(11456), 'digit': np.int64(28), 'punct': np.int64(10060)}
backoff built
dev 0
dev 200
dev 400
dev 600
dev 800
dev mean e_tokc [i,j]
 [[0.    0.11  0.122 0.104 0.039 0.032 0.03  0.048 0.033 0.094 0.098 0.107]
 [0.077 0.    0.069 0.065 0.027 0.023 0.021 0.032 0.024 0.073 0.059 0.075]
 [0.084 0.069 0.    0.145 0.026 0.021 0.02  0.031 0.022 0.069 0.059 0.07 ]
 [0.071 0.064 0.155 0.    0.026 0.021 0.02  0.03  0.022 0.076 0.057 0.078]
 [0.024 0.023 0.023 0.023 0.    0.018 0.017 0.019 0.018 0.023 0.023 0.023]
 [0.009 0.009 0.008 0.008 0.008 0.    0.008 0.008 0.008 0.009 0.009 0.009]
 [0.02  0.019 0.019 0.019 0.018 0.018 0.    0.018 0.018 0.02  0.019 0.019]
 [0.04  0.038 0.037 0.037 0.029 0.027 0.025 0.    0.099 0.04  0.039 0.039]
 [0.026 0.026 0.025 0.025 0.024 0.024 0.022 0.076 0.    0.026 0.027 0.026]
 [0.064 0.071 0.066 0.073 0.026 0.022 0.02  0.032 0.023 0.    0.06  0.098]
 [0.073 0.063 0.063 0.062 0.029 0.024 0.022 0.035 0.025 0.066 0.    0.073]
 [0.076 0.076 0.071 0.08  0.027 0.023 0.021 0.033 0.023 0.103 0.07  0.   ]]
dev mean B_pre [i,j]
 [[0.963 0.009 0.005 0.005 0.    0.    0.    0.001 0.    0.006 0.003 0.007]
 [0.004 0.975 0.003 0.003 0.    0.    0.    0.001 0.    0.006 0.002 0.005]
 [0.003 0.003 0.975 0.009 0.    0.    0.    0.001 0.    0.004 0.003 0.003]
 [0.002 0.003 0.01  0.974 0.    0.    0.    0.001 0.    0.004 0.002 0.004]
 [0.    0.    0.    0.    0.999 0.    0.    0.    0.    0.    0.    0.   ]
 [0.    0.    0.    0.    0.    0.998 0.    0.    0.    0.    0.    0.   ]
 [0.    0.    0.    0.    0.    0.    1.    0.    0.    0.    0.    0.   ]
 [0.001 0.    0.    0.001 0.    0.    0.    0.991 0.005 0.001 0.    0.   ]
 [0.001 0.    0.    0.    0.    0.    0.    0.008 0.989 0.    0.    0.   ]
 [0.005 0.006 0.005 0.004 0.    0.    0.    0.002 0.001 0.963 0.004 0.011]
 [0.003 0.002 0.003 0.003 0.    0.    0.    0.001 0.    0.004 0.978 0.004]
 [0.003 0.005 0.004 0.004 0.    0.    0.    0.001 0.    0.011 0.004 0.966]]
dev mean B_bag [i,j]
 [[0.653 0.058 0.062 0.057 0.014 0.004 0.009 0.009 0.004 0.044 0.038 0.047]
 [0.051 0.631 0.062 0.052 0.012 0.003 0.006 0.009 0.003 0.076 0.03  0.066]
 [0.055 0.063 0.586 0.12  0.01  0.004 0.005 0.007 0.003 0.059 0.033 0.055]
 [0.049 0.053 0.12  0.581 0.011 0.003 0.005 0.007 0.003 0.065 0.034 0.068]
 [0.015 0.012 0.01  0.011 0.905 0.003 0.006 0.005 0.003 0.009 0.01  0.011]
 [0.004 0.003 0.004 0.003 0.003 0.947 0.003 0.007 0.017 0.003 0.004 0.003]
 [0.009 0.006 0.005 0.005 0.006 0.003 0.94  0.004 0.003 0.006 0.006 0.006]
 [0.008 0.007 0.006 0.006 0.004 0.005 0.004 0.804 0.135 0.007 0.007 0.007]
 [0.005 0.003 0.003 0.003 0.003 0.016 0.003 0.126 0.828 0.003 0.004 0.003]
 [0.037 0.077 0.059 0.065 0.009 0.002 0.006 0.008 0.003 0.589 0.034 0.11 ]
 [0.03  0.029 0.032 0.032 0.01  0.003 0.006 0.008 0.004 0.034 0.775 0.038]
 [0.041 0.065 0.056 0.067 0.01  0.003 0.006 0.009 0.003 0.11  0.038 0.592]]
dev mean B_last own: [1. 1. 1. 1. 1. 1. 1. 1. 1. 1. 1. 1.]
dev jpn kanji frac mean 0.31697798 rus latin frac mean 0.009669783
devtest 0
devtest 200
devtest 400
devtest 600
devtest 800
devtest 1000
devtest mean e_tokc [i,j]
 [[0.    0.104 0.12  0.102 0.032 0.03  0.026 0.045 0.031 0.086 0.092 0.101]
 [0.072 0.    0.07  0.063 0.023 0.021 0.019 0.03  0.022 0.068 0.057 0.075]
 [0.08  0.069 0.    0.14  0.021 0.019 0.017 0.028 0.02  0.065 0.056 0.07 ]
 [0.07  0.062 0.154 0.    0.022 0.019 0.018 0.028 0.02  0.07  0.054 0.075]
 [0.02  0.02  0.02  0.02  0.    0.018 0.016 0.018 0.017 0.019 0.02  0.02 ]
 [0.009 0.009 0.008 0.008 0.008 0.    0.007 0.008 0.008 0.008 0.009 0.008]
 [0.017 0.017 0.017 0.016 0.016 0.016 0.    0.016 0.016 0.017 0.017 0.017]
 [0.039 0.037 0.036 0.035 0.027 0.026 0.023 0.    0.101 0.038 0.038 0.037]
 [0.024 0.024 0.023 0.023 0.022 0.022 0.019 0.076 0.    0.024 0.024 0.024]
 [0.059 0.067 0.064 0.068 0.022 0.021 0.018 0.03  0.021 0.    0.056 0.096]
 [0.067 0.061 0.061 0.059 0.024 0.022 0.02  0.033 0.023 0.061 0.    0.069]
 [0.072 0.077 0.072 0.076 0.023 0.021 0.018 0.031 0.022 0.1   0.065 0.   ]]
devtest mean B_pre [i,j]
 [[0.962 0.009 0.005 0.006 0.    0.    0.    0.001 0.    0.007 0.003 0.006]
 [0.003 0.978 0.003 0.003 0.    0.    0.    0.001 0.    0.005 0.002 0.005]
 [0.003 0.003 0.976 0.009 0.    0.    0.    0.001 0.    0.003 0.002 0.004]
 [0.002 0.003 0.008 0.976 0.    0.    0.    0.001 0.    0.004 0.002 0.004]
 [0.    0.    0.    0.    0.999 0.    0.    0.    0.    0.    0.    0.   ]
 [0.    0.    0.    0.    0.    0.998 0.    0.    0.    0.    0.    0.   ]
 [0.    0.    0.    0.    0.    0.    1.    0.    0.    0.    0.    0.   ]
 [0.001 0.    0.    0.    0.    0.    0.    0.991 0.006 0.    0.    0.001]
 [0.001 0.    0.    0.    0.    0.    0.    0.008 0.988 0.    0.    0.   ]
 [0.005 0.007 0.004 0.005 0.    0.    0.    0.002 0.001 0.961 0.004 0.012]
 [0.003 0.002 0.003 0.003 0.    0.    0.    0.001 0.    0.004 0.98  0.004]
 [0.003 0.006 0.004 0.004 0.    0.    0.    0.001 0.    0.011 0.003 0.967]]
devtest mean B_bag [i,j]
 [[0.652 0.058 0.062 0.058 0.014 0.004 0.008 0.009 0.004 0.044 0.038 0.048]
 [0.051 0.626 0.063 0.053 0.011 0.003 0.005 0.009 0.003 0.079 0.03  0.067]
 [0.055 0.063 0.583 0.122 0.01  0.003 0.005 0.007 0.003 0.059 0.034 0.057]
 [0.05  0.052 0.12  0.585 0.01  0.003 0.005 0.007 0.003 0.065 0.033 0.068]
 [0.015 0.012 0.01  0.011 0.909 0.003 0.006 0.004 0.003 0.009 0.01  0.01 ]
 [0.004 0.003 0.004 0.003 0.003 0.947 0.003 0.007 0.017 0.003 0.004 0.003]
 [0.008 0.006 0.005 0.005 0.006 0.003 0.944 0.004 0.003 0.006 0.006 0.006]
 [0.008 0.008 0.006 0.006 0.004 0.005 0.003 0.801 0.138 0.007 0.007 0.007]
 [0.004 0.003 0.003 0.003 0.003 0.016 0.003 0.128 0.827 0.003 0.003 0.003]
 [0.037 0.079 0.058 0.065 0.009 0.002 0.006 0.008 0.003 0.59  0.034 0.11 ]
 [0.029 0.03  0.032 0.034 0.01  0.003 0.006 0.008 0.003 0.033 0.775 0.038]
 [0.04  0.068 0.056 0.068 0.01  0.003 0.006 0.008 0.003 0.111 0.038 0.59 ]]
devtest mean B_last own: [0.997 0.999 0.999 1.    1.    1.    1.    0.999 1.    1.    1.    1.   ]
devtest jpn kanji frac mean 0.31713063 rus latin frac mean 0.0052818595
